-2.111212 -0.607962 0.000000 -1.357036 
-2.110804 -0.597359 0.000000 -1.338891 
-2.109715 -0.586923 0.000000 -1.320769 
-2.107944 -0.576658 0.000000 -1.302693 
-2.105490 -0.566570 0.000000 -1.284684 
-2.102351 -0.556665 0.000000 -1.266766 
-2.098523 -0.546947 0.000000 -1.248959 
-2.094004 -0.537420 0.000000 -1.231287 
-2.088790 -0.528089 0.000000 -1.213773 
-2.082878 -0.518958 0.000000 -1.196438 
-2.076263 -0.510033 0.000000 -1.179307 
-2.068941 -0.501316 0.000000 -1.162403 
-2.060907 -0.492814 0.000000 -1.145749 
-2.052158 -0.484530 0.000000 -1.129369 
-2.042689 -0.476468 0.000000 -1.113287 
-2.032497 -0.468635 0.000000 -1.097528 
-2.021580 -0.461035 0.000000 -1.082115 
-2.009934 -0.453674 0.000000 -1.067074 
-1.997560 -0.446556 0.000000 -1.052430 
-1.984457 -0.439688 0.000000 -1.038207 
-1.970628 -0.433076 0.000000 -1.024431 
-1.956076 -0.426726 0.000000 -1.011127 
-1.940806 -0.420644 0.000000 -0.998319 
-1.924827 -0.414838 0.000000 -0.986034 
-1.908150 -0.409314 0.000000 -0.974295 
-1.890788 -0.404079 0.000000 -0.963127 
-1.872759 -0.399140 0.000000 -0.952554 
-1.854082 -0.394504 0.000000 -0.942599 
-1.834781 -0.390179 0.000000 -0.933284 
-1.814885 -0.386171 0.000000 -0.924632 
-1.794424 -0.382488 0.000000 -0.916663 
-1.773434 -0.379136 0.000000 -0.909397 
-1.751956 -0.376122 0.000000 -0.902853 
-1.730032 -0.373451 0.000000 -0.897046 
-1.707709 -0.371129 0.000000 -0.891992 
-1.685039 -0.369162 0.000000 -0.887704 
-1.662075 -0.367552 0.000000 -0.884195 
-1.638873 -0.366305 0.000000 -0.881473 
-1.615493 -0.365423 0.000000 -0.879547 
-1.591994 -0.364907 0.000000 -0.878421 
-1.568440 -0.364760 0.000000 -0.878100 
-1.544892 -0.364981 0.000000 -0.878582 
-1.521412 -0.365570 0.000000 -0.879868 
-1.498063 -0.366525 0.000000 -0.881954 
-1.474904 -0.367845 0.000000 -0.884834 
-1.451994 -0.369527 0.000000 -0.888500 
-1.429389 -0.371566 0.000000 -0.892941 
-1.407142 -0.373957 0.000000 -0.898147 
-1.385304 -0.376697 0.000000 -0.904103 
-1.363920 -0.379780 0.000000 -0.910794 
-1.343033 -0.383198 0.000000 -0.918202 
-1.322683 -0.386947 0.000000 -0.926309 
-1.302903 -0.391019 0.000000 -0.935095 
-1.283725 -0.395406 0.000000 -0.944539 
-1.265176 -0.400103 0.000000 -0.954620 
-1.247278 -0.405102 0.000000 -0.965314 
-1.230052 -0.410396 0.000000 -0.976598 
-1.213514 -0.415977 0.000000 -0.988448 
-1.197676 -0.421839 0.000000 -1.000840 
-1.182549 -0.427975 0.000000 -1.013749 
-1.168141 -0.434378 0.000000 -1.027149 
-1.154457 -0.441041 0.000000 -1.041017 
-1.141499 -0.447960 0.000000 -1.055326 
-1.129271 -0.455127 0.000000 -1.070051 
-1.117771 -0.462536 0.000000 -1.085169 
-1.106999 -0.470183 0.000000 -1.100652 
-1.096952 -0.478063 0.000000 -1.116478 
-1.087628 -0.486169 0.000000 -1.132622 
-1.079022 -0.494497 0.000000 -1.149059 
-1.071131 -0.503043 0.000000 -1.165765 
-1.063950 -0.511801 0.000000 -1.182716 
-1.057476 -0.520768 0.000000 -1.199890 
-1.051704 -0.529939 0.000000 -1.217262 
-1.046629 -0.539309 0.000000 -1.234810 
-1.042249 -0.548875 0.000000 -1.252510 
-1.038559 -0.558631 0.000000 -1.270341 
-1.035557 -0.568574 0.000000 -1.288280 
-1.033240 -0.578697 0.000000 -1.306304 
-1.031605 -0.588996 0.000000 -1.324391 
-1.030652 -0.599467 0.000000 -1.342519 
-1.030380 -0.610101 0.000000 -1.360666 
-1.030788 -0.620895 0.000000 -1.378810 
-1.031877 -0.631840 0.000000 -1.396929 
-1.033648 -0.642929 0.000000 -1.415001 
-1.036102 -0.654155 0.000000 -1.433004 
-1.039242 -0.665507 0.000000 -1.450915 
-1.043070 -0.676976 0.000000 -1.468713 
-1.047588 -0.688552 0.000000 -1.486375 
-1.052802 -0.700221 0.000000 -1.503877 
-1.058715 -0.711972 0.000000 -1.521198 
-1.065330 -0.723788 0.000000 -1.538315 
-1.072652 -0.735655 0.000000 -1.555203 
-1.080686 -0.747555 0.000000 -1.571840 
-1.089435 -0.759468 0.000000 -1.588201 
-1.098904 -0.771375 0.000000 -1.604264 
-1.109095 -0.783251 0.000000 -1.620003 
-1.120013 -0.795075 0.000000 -1.635394 
-1.131658 -0.806818 0.000000 -1.650412 
-1.144033 -0.818453 0.000000 -1.665034 
-1.157135 -0.829950 0.000000 -1.679233 
-1.170965 -0.841278 0.000000 -1.692985 
-1.185517 -0.852402 0.000000 -1.706265 
-1.200787 -0.863288 0.000000 -1.719047 
-1.216766 -0.873899 0.000000 -1.731308 
-1.233443 -0.884197 0.000000 -1.743023 
-1.250804 -0.894142 0.000000 -1.754167 
-1.268834 -0.903694 0.000000 -1.764716 
-1.287511 -0.912812 0.000000 -1.774648 
-1.306812 -0.921456 0.000000 -1.783940 
-1.326708 -0.929585 0.000000 -1.792571 
-1.347169 -0.937158 0.000000 -1.800520 
-1.368158 -0.944138 0.000000 -1.807767 
-1.389637 -0.950487 0.000000 -1.814295 
-1.411561 -0.956170 0.000000 -1.820086 
-1.433883 -0.961154 0.000000 -1.825126 
-1.456554 -0.965411 0.000000 -1.829402 
-1.479518 -0.968915 0.000000 -1.832901 
-1.502720 -0.971645 0.000000 -1.835615 
-1.526100 -0.973583 0.000000 -1.837536 
-1.549598 -0.974719 0.000000 -1.838658 
-1.573153 -0.975044 0.000000 -1.838979 
-1.596701 -0.974556 0.000000 -1.838498 
-1.620180 -0.973259 0.000000 -1.837215 
-1.643530 -0.971161 0.000000 -1.835136 
-1.666688 -0.968275 0.000000 -1.832264 
-1.689598 -0.964619 0.000000 -1.828608 
-1.712203 -0.960214 0.000000 -1.824179 
-1.734450 -0.955088 0.000000 -1.818987 
-1.756289 -0.949269 0.000000 -1.813047 
-1.777673 -0.942792 0.000000 -1.806375 
-1.798559 -0.935690 0.000000 -1.798986 
-1.818910 -0.928002 0.000000 -1.790899 
-1.838690 -0.919767 0.000000 -1.782134 
-1.857868 -0.911025 0.000000 -1.772712 
-1.876417 -0.901817 0.000000 -1.762655 
-1.894315 -0.892183 0.000000 -1.751985 
-1.911541 -0.882164 0.000000 -1.740725 
-1.928079 -0.871801 0.000000 -1.728899 
-1.943917 -0.861132 0.000000 -1.716532 
-1.959044 -0.850195 0.000000 -1.703648 
-1.973452 -0.839028 0.000000 -1.690271 
-1.987136 -0.827663 0.000000 -1.676428 
-2.000093 -0.816136 0.000000 -1.662143 
-2.012322 -0.804477 0.000000 -1.647440 
-2.023821 -0.792715 0.000000 -1.632345 
-2.034593 -0.780880 0.000000 -1.616882 
-2.044640 -0.768995 0.000000 -1.601076 
-2.053965 -0.757085 0.000000 -1.584952 
-2.062571 -0.745173 0.000000 -1.568534 
-2.070462 -0.733279 0.000000 -1.551845 
-2.077642 -0.721420 0.000000 -1.534909 
-2.084117 -0.709616 0.000000 -1.517750 
-2.089889 -0.697881 0.000000 -1.500390 
-2.094963 -0.686229 0.000000 -1.482854 
-2.099344 -0.674674 0.000000 -1.465164 
-2.103034 -0.663227 0.000000 -1.447341 
-2.106036 -0.651899 0.000000 -1.429410 
-2.108353 -0.640700 0.000000 -1.411391 
-2.109987 -0.629639 0.000000 -1.393308 
-2.110940 -0.618724 0.000000 -1.375182 
