0.000000 0.000000 0.000000 0.000000 
0.249974 0.000000 0.000000 0.000000 
0.499792 0.000000 0.000000 0.000000 
0.749297 0.000000 0.000000 0.000000 
0.998334 0.000000 0.000000 0.000000 
1.246747 0.000000 0.000000 0.000000 
1.494381 0.000000 0.000000 0.000000 
1.741081 0.000000 0.000000 0.000000 
1.986693 0.000000 0.000000 0.000000 
2.231064 0.000000 0.000000 0.000000 
2.474040 0.000000 0.000000 0.000000 
2.715469 0.000000 0.000000 0.000000 
2.955202 0.000000 0.000000 0.000000 
3.193088 0.000000 0.000000 0.000000 
3.428978 0.000000 0.000000 0.000000 
3.662725 0.000000 0.000000 0.000000 
3.894183 0.000000 0.000000 0.000000 
4.123208 0.000000 0.000000 0.000000 
4.349655 0.000000 0.000000 0.000000 
4.573384 0.000000 0.000000 0.000000 
4.794255 0.000000 0.000000 0.000000 
5.012130 0.000000 0.000000 0.000000 
5.226872 0.000000 0.000000 0.000000 
5.438348 0.000000 0.000000 0.000000 
5.646425 0.000000 0.000000 0.000000 
5.850973 0.000000 0.000000 0.000000 
6.051864 0.000000 0.000000 0.000000 
6.248973 0.000000 0.000000 0.000000 
6.442177 0.000000 0.000000 0.000000 
6.631354 0.000000 0.000000 0.000000 
6.816388 0.000000 0.000000 0.000000 
6.997161 0.000000 0.000000 0.000000 
7.173561 0.000000 0.000000 0.000000 
7.345478 0.000000 0.000000 0.000000 
7.512804 0.000000 0.000000 0.000000 
7.675435 0.000000 0.000000 0.000000 
7.833269 0.000000 0.000000 0.000000 
7.986208 0.000000 0.000000 0.000000 
8.134155 0.000000 0.000000 0.000000 
8.277019 0.000000 0.000000 0.000000 
8.414710 0.000000 0.000000 0.000000 
8.547142 0.000000 0.000000 0.000000 
8.674232 0.000000 0.000000 0.000000 
8.795902 0.000000 0.000000 0.000000 
8.912074 0.000000 0.000000 0.000000 
9.022676 0.000000 0.000000 0.000000 
9.127639 0.000000 0.000000 0.000000 
9.226898 0.000000 0.000000 0.000000 
9.320391 0.000000 0.000000 0.000000 
9.408058 0.000000 0.000000 0.000000 
9.489846 0.000000 0.000000 0.000000 
9.565703 0.000000 0.000000 0.000000 
9.635582 0.000000 0.000000 0.000000 
9.699439 0.000000 0.000000 0.000000 
9.757234 0.000000 0.000000 0.000000 
9.808931 0.000000 0.000000 0.000000 
9.854497 0.000000 0.000000 0.000000 
9.893905 0.000000 0.000000 0.000000 
9.927130 0.000000 0.000000 0.000000 
9.954150 0.000000 0.000000 0.000000 
9.974950 0.000000 0.000000 0.000000 
9.989515 0.000000 0.000000 0.000000 
9.997838 0.000000 0.000000 0.000000 
9.999912 0.000000 0.000000 0.000000 
9.995736 0.000000 0.000000 0.000000 
9.985313 0.000000 0.000000 0.000000 
9.968650 0.000000 0.000000 0.000000 
9.945757 0.000000 0.000000 0.000000 
9.916648 0.000000 0.000000 0.000000 
9.881342 0.000000 0.000000 0.000000 
9.839859 0.000000 0.000000 0.000000 
9.792228 0.000000 0.000000 0.000000 
9.738476 0.000000 0.000000 0.000000 
9.678639 0.000000 0.000000 0.000000 
9.612752 0.000000 0.000000 0.000000 
9.540858 0.000000 0.000000 0.000000 
9.463001 0.000000 0.000000 0.000000 
9.379230 0.000000 0.000000 0.000000 
9.289597 0.000000 0.000000 0.000000 
9.194159 0.000000 0.000000 0.000000 
9.092974 0.000000 0.000000 0.000000 
8.986107 0.000000 0.000000 0.000000 
8.873624 0.000000 0.000000 0.000000 
8.755595 0.000000 0.000000 0.000000 
8.632094 0.000000 0.000000 0.000000 
8.503198 0.000000 0.000000 0.000000 
8.368988 0.000000 0.000000 0.000000 
8.229548 0.000000 0.000000 0.000000 
8.084964 0.000000 0.000000 0.000000 
7.935328 0.000000 0.000000 0.000000 
7.780732 0.000000 0.000000 0.000000 
7.621274 0.000000 0.000000 0.000000 
7.457052 0.000000 0.000000 0.000000 
7.288170 0.000000 0.000000 0.000000 
7.114734 0.000000 0.000000 0.000000 
6.936850 0.000000 0.000000 0.000000 
6.754632 0.000000 0.000000 0.000000 
6.568192 0.000000 0.000000 0.000000 
6.377647 0.000000 0.000000 0.000000 
6.183116 0.000000 0.000000 0.000000 
5.984721 0.000000 0.000000 0.000000 
5.782586 0.000000 0.000000 0.000000 
5.576837 0.000000 0.000000 0.000000 
5.367603 0.000000 0.000000 0.000000 
5.155014 0.000000 0.000000 0.000000 
4.939203 0.000000 0.000000 0.000000 
4.720305 0.000000 0.000000 0.000000 
4.498458 0.000000 0.000000 0.000000 
4.273799 0.000000 0.000000 0.000000 
4.046469 0.000000 0.000000 0.000000 
3.816610 0.000000 0.000000 0.000000 
3.584366 0.000000 0.000000 0.000000 
3.349882 0.000000 0.000000 0.000000 
3.113304 0.000000 0.000000 0.000000 
2.874780 0.000000 0.000000 0.000000 
2.634460 0.000000 0.000000 0.000000 
2.392493 0.000000 0.000000 0.000000 
2.149031 0.000000 0.000000 0.000000 
1.904226 0.000000 0.000000 0.000000 
1.658231 0.000000 0.000000 0.000000 
1.411200 0.000000 0.000000 0.000000 
1.163287 0.000000 0.000000 0.000000 
0.914646 0.000000 0.000000 0.000000 
0.665434 0.000000 0.000000 0.000000 
0.415807 0.000000 0.000000 0.000000 
0.165919 0.000000 0.000000 0.000000 
-0.084072 0.000000 0.000000 0.000000 
-0.334011 0.000000 0.000000 0.000000 
-0.583741 0.000000 0.000000 0.000000 
-0.833107 0.000000 0.000000 0.000000 
-1.081951 0.000000 0.000000 0.000000 
-1.330120 0.000000 0.000000 0.000000 
-1.577457 0.000000 0.000000 0.000000 
-1.823808 0.000000 0.000000 0.000000 
-2.069020 0.000000 0.000000 0.000000 
-2.312938 0.000000 0.000000 0.000000 
-2.555411 0.000000 0.000000 0.000000 
-2.796287 0.000000 0.000000 0.000000 
-3.035415 0.000000 0.000000 0.000000 
-3.272646 0.000000 0.000000 0.000000 
-3.507832 0.000000 0.000000 0.000000 
-3.740826 0.000000 0.000000 0.000000 
-3.971482 0.000000 0.000000 0.000000 
-4.199655 0.000000 0.000000 0.000000 
-4.425204 0.000000 0.000000 0.000000 
-4.647988 0.000000 0.000000 0.000000 
-4.867866 0.000000 0.000000 0.000000 
-5.084703 0.000000 0.000000 0.000000 
-5.298361 0.000000 0.000000 0.000000 
-5.508709 0.000000 0.000000 0.000000 
-5.715613 0.000000 0.000000 0.000000 
-5.918946 0.000000 0.000000 0.000000 
-6.118579 0.000000 0.000000 0.000000 
-6.314388 0.000000 0.000000 0.000000 
-6.506251 0.000000 0.000000 0.000000 
-6.694048 0.000000 0.000000 0.000000 
-6.877662 0.000000 0.000000 0.000000 
-7.056977 0.000000 0.000000 0.000000 
-7.231881 0.000000 0.000000 0.000000 
-7.402266 0.000000 0.000000 0.000000 
-7.568025 0.000000 0.000000 0.000000 
-7.729054 0.000000 0.000000 0.000000 
-7.885253 0.000000 0.000000 0.000000 
-8.036523 0.000000 0.000000 0.000000 
-8.182771 0.000000 0.000000 0.000000 
-8.323905 0.000000 0.000000 0.000000 
-8.459837 0.000000 0.000000 0.000000 
-8.590482 0.000000 0.000000 0.000000 
-8.715758 0.000000 0.000000 0.000000 
-8.835587 0.000000 0.000000 0.000000 
-8.949894 0.000000 0.000000 0.000000 
-9.058607 0.000000 0.000000 0.000000 
-9.161659 0.000000 0.000000 0.000000 
-9.258986 0.000000 0.000000 0.000000 
-9.350526 0.000000 0.000000 0.000000 
-9.436222 0.000000 0.000000 0.000000 
-9.516021 0.000000 0.000000 0.000000 
-9.589872 0.000000 0.000000 0.000000 
-9.657731 0.000000 0.000000 0.000000 
-9.719553 0.000000 0.000000 0.000000 
-9.775301 0.000000 0.000000 0.000000 
-9.824940 0.000000 0.000000 0.000000 
-9.868439 0.000000 0.000000 0.000000 
-9.905770 0.000000 0.000000 0.000000 
-9.936910 0.000000 0.000000 0.000000 
-9.961840 0.000000 0.000000 0.000000 
-9.980544 0.000000 0.000000 0.000000 
-9.993011 0.000000 0.000000 0.000000 
-9.999233 0.000000 0.000000 0.000000 
-9.999205 0.000000 0.000000 0.000000 
-9.992928 0.000000 0.000000 0.000000 
-9.980406 0.000000 0.000000 0.000000 
-9.961646 0.000000 0.000000 0.000000 
-9.936661 0.000000 0.000000 0.000000 
-9.905465 0.000000 0.000000 0.000000 
-9.868079 0.000000 0.000000 0.000000 
-9.824526 0.000000 0.000000 0.000000 
-9.774833 0.000000 0.000000 0.000000 
-9.719031 0.000000 0.000000 0.000000 
-9.657154 0.000000 0.000000 0.000000 
-9.589243 0.000000 0.000000 0.000000 
-9.515338 0.000000 0.000000 0.000000 
-9.435487 0.000000 0.000000 0.000000 
-9.349738 0.000000 0.000000 0.000000 
-9.258147 0.000000 0.000000 0.000000 
-9.160769 0.000000 0.000000 0.000000 
-9.057666 0.000000 0.000000 0.000000 
-8.948903 0.000000 0.000000 0.000000 
-8.834547 0.000000 0.000000 0.000000 
-8.714669 0.000000 0.000000 0.000000 
-8.589345 0.000000 0.000000 0.000000 
-8.458653 0.000000 0.000000 0.000000 
-8.322674 0.000000 0.000000 0.000000 
-8.181495 0.000000 0.000000 0.000000 
-8.035202 0.000000 0.000000 0.000000 
-7.883887 0.000000 0.000000 0.000000 
-7.727645 0.000000 0.000000 0.000000 
-7.566573 0.000000 0.000000 0.000000 
-7.400773 0.000000 0.000000 0.000000 
-7.230348 0.000000 0.000000 0.000000 
-7.055403 0.000000 0.000000 0.000000 
-6.876050 0.000000 0.000000 0.000000 
-6.692399 0.000000 0.000000 0.000000 
-6.504565 0.000000 0.000000 0.000000 
-6.312666 0.000000 0.000000 0.000000 
-6.116822 0.000000 0.000000 0.000000 
-5.917156 0.000000 0.000000 0.000000 
-5.713791 0.000000 0.000000 0.000000 
-5.506855 0.000000 0.000000 0.000000 
-5.296478 0.000000 0.000000 0.000000 
-5.082791 0.000000 0.000000 0.000000 
-4.865927 0.000000 0.000000 0.000000 
-4.646022 0.000000 0.000000 0.000000 
-4.423213 0.000000 0.000000 0.000000 
-4.197640 0.000000 0.000000 0.000000 
-3.969444 0.000000 0.000000 0.000000 
-3.738767 0.000000 0.000000 0.000000 
-3.505753 0.000000 0.000000 0.000000 
-3.270548 0.000000 0.000000 0.000000 
-3.033299 0.000000 0.000000 0.000000 
-2.794155 0.000000 0.000000 0.000000 
-2.553264 0.000000 0.000000 0.000000 
-2.310778 0.000000 0.000000 0.000000 
-2.066847 0.000000 0.000000 0.000000 
-1.821625 0.000000 0.000000 0.000000 
-1.575264 0.000000 0.000000 0.000000 
-1.327919 0.000000 0.000000 0.000000 
-1.079744 0.000000 0.000000 0.000000 
-0.830894 0.000000 0.000000 0.000000 
-0.581525 0.000000 0.000000 0.000000 
-0.331792 0.000000 0.000000 0.000000 
-0.081852 0.000000 0.000000 0.000000 
0.168139 0.000000 0.000000 0.000000 
0.418025 0.000000 0.000000 0.000000 
0.667650 0.000000 0.000000 0.000000 
0.916857 0.000000 0.000000 0.000000 
1.165492 0.000000 0.000000 0.000000 
1.413398 0.000000 0.000000 0.000000 
1.660421 0.000000 0.000000 0.000000 
1.906406 0.000000 0.000000 0.000000 
2.151200 0.000000 0.000000 0.000000 
2.394649 0.000000 0.000000 0.000000 
2.636602 0.000000 0.000000 0.000000 
2.876907 0.000000 0.000000 0.000000 
3.115414 0.000000 0.000000 0.000000 
3.351974 0.000000 0.000000 0.000000 
3.586439 0.000000 0.000000 0.000000 
3.818662 0.000000 0.000000 0.000000 
4.048499 0.000000 0.000000 0.000000 
4.275806 0.000000 0.000000 0.000000 
4.500441 0.000000 0.000000 0.000000 
4.722263 0.000000 0.000000 0.000000 
4.941134 0.000000 0.000000 0.000000 
5.156916 0.000000 0.000000 0.000000 
5.369476 0.000000 0.000000 0.000000 
5.578680 0.000000 0.000000 0.000000 
5.784398 0.000000 0.000000 0.000000 
5.986500 0.000000 0.000000 0.000000 
6.184861 0.000000 0.000000 0.000000 
6.379357 0.000000 0.000000 0.000000 
6.569866 0.000000 0.000000 0.000000 
6.756269 0.000000 0.000000 0.000000 
6.938449 0.000000 0.000000 0.000000 
7.116294 0.000000 0.000000 0.000000 
7.289690 0.000000 0.000000 0.000000 
7.458531 0.000000 0.000000 0.000000 
7.622711 0.000000 0.000000 0.000000 
7.782127 0.000000 0.000000 0.000000 
7.936679 0.000000 0.000000 0.000000 
8.086271 0.000000 0.000000 0.000000 
8.230809 0.000000 0.000000 0.000000 
8.370203 0.000000 0.000000 0.000000 
8.504366 0.000000 0.000000 0.000000 
8.633214 0.000000 0.000000 0.000000 
8.756667 0.000000 0.000000 0.000000 
8.874647 0.000000 0.000000 0.000000 
8.987081 0.000000 0.000000 0.000000 
9.093898 0.000000 0.000000 0.000000 
9.195032 0.000000 0.000000 0.000000 
9.290419 0.000000 0.000000 0.000000 
9.380000 0.000000 0.000000 0.000000 
9.463718 0.000000 0.000000 0.000000 
9.541523 0.000000 0.000000 0.000000 
9.613364 0.000000 0.000000 0.000000 
9.679197 0.000000 0.000000 0.000000 
9.738981 0.000000 0.000000 0.000000 
9.792678 0.000000 0.000000 0.000000 
9.840255 0.000000 0.000000 0.000000 
9.881682 0.000000 0.000000 0.000000 
9.916934 0.000000 0.000000 0.000000 
9.945988 0.000000 0.000000 0.000000 
9.968826 0.000000 0.000000 0.000000 
9.985433 0.000000 0.000000 0.000000 
9.995801 0.000000 0.000000 0.000000 
9.999921 0.000000 0.000000 0.000000 
9.997791 0.000000 0.000000 0.000000 
9.989413 0.000000 0.000000 0.000000 
9.974793 0.000000 0.000000 0.000000 
9.953938 0.000000 0.000000 0.000000 
9.926862 0.000000 0.000000 0.000000 
9.893582 0.000000 0.000000 0.000000 
9.854120 0.000000 0.000000 0.000000 
9.808498 0.000000 0.000000 0.000000 
9.756747 0.000000 0.000000 0.000000 
9.698898 0.000000 0.000000 0.000000 
9.634988 0.000000 0.000000 0.000000 
9.565056 0.000000 0.000000 0.000000 
9.489146 0.000000 0.000000 0.000000 
9.407306 0.000000 0.000000 0.000000 
9.319586 0.000000 0.000000 0.000000 
9.226042 0.000000 0.000000 0.000000 
9.126732 0.000000 0.000000 0.000000 
9.021718 0.000000 0.000000 0.000000 
8.911066 0.000000 0.000000 0.000000 
8.794845 0.000000 0.000000 0.000000 
8.673127 0.000000 0.000000 0.000000 
8.545989 0.000000 0.000000 0.000000 
8.413510 0.000000 0.000000 0.000000 
8.275773 0.000000 0.000000 0.000000 
8.132863 0.000000 0.000000 0.000000 
7.984871 0.000000 0.000000 0.000000 
7.831889 0.000000 0.000000 0.000000 
7.674012 0.000000 0.000000 0.000000 
7.511338 0.000000 0.000000 0.000000 
7.343971 0.000000 0.000000 0.000000 
7.172014 0.000000 0.000000 0.000000 
6.995574 0.000000 0.000000 0.000000 
6.814763 0.000000 0.000000 0.000000 
6.629692 0.000000 0.000000 0.000000 
6.440478 0.000000 0.000000 0.000000 
6.247240 0.000000 0.000000 0.000000 
6.050096 0.000000 0.000000 0.000000 
5.849172 0.000000 0.000000 0.000000 
5.644592 0.000000 0.000000 0.000000 
5.436484 0.000000 0.000000 0.000000 
5.224979 0.000000 0.000000 0.000000 
5.010209 0.000000 0.000000 0.000000 
4.792307 0.000000 0.000000 0.000000 
4.571410 0.000000 0.000000 0.000000 
4.347656 0.000000 0.000000 0.000000 
4.121185 0.000000 0.000000 0.000000 
3.892138 0.000000 0.000000 0.000000 
3.660659 0.000000 0.000000 0.000000 
3.426892 0.000000 0.000000 0.000000 
3.190984 0.000000 0.000000 0.000000 
2.953081 0.000000 0.000000 0.000000 
2.713332 0.000000 0.000000 0.000000 
2.471888 0.000000 0.000000 0.000000 
2.228899 0.000000 0.000000 0.000000 
1.984517 0.000000 0.000000 0.000000 
1.738895 0.000000 0.000000 0.000000 
1.492186 0.000000 0.000000 0.000000 
1.244544 0.000000 0.000000 0.000000 
0.996125 0.000000 0.000000 0.000000 
0.747083 0.000000 0.000000 0.000000 
0.497574 0.000000 0.000000 0.000000 
0.247754 0.000000 0.000000 0.000000 
-0.002220 0.000000 0.000000 0.000000 
-0.252194 0.000000 0.000000 0.000000 
-0.502009 0.000000 0.000000 0.000000 
-0.751511 0.000000 0.000000 0.000000 
-1.000543 0.000000 0.000000 0.000000 
-1.248950 0.000000 0.000000 0.000000 
-1.496577 0.000000 0.000000 0.000000 
-1.743268 0.000000 0.000000 0.000000 
-1.988869 0.000000 0.000000 0.000000 
-2.233228 0.000000 0.000000 0.000000 
-2.476191 0.000000 0.000000 0.000000 
-2.717606 0.000000 0.000000 0.000000 
-2.957323 0.000000 0.000000 0.000000 
-3.195192 0.000000 0.000000 0.000000 
-3.431064 0.000000 0.000000 0.000000 
-3.664791 0.000000 0.000000 0.000000 
-3.896228 0.000000 0.000000 0.000000 
-4.125231 0.000000 0.000000 0.000000 
-4.351655 0.000000 0.000000 0.000000 
-4.575359 0.000000 0.000000 0.000000 
-4.796204 0.000000 0.000000 0.000000 
-5.014051 0.000000 0.000000 0.000000 
-5.228765 0.000000 0.000000 0.000000 
-5.440211 0.000000 0.000000 0.000000 
-5.648257 0.000000 0.000000 0.000000 
-5.852773 0.000000 0.000000 0.000000 
-6.053632 0.000000 0.000000 0.000000 
-6.250706 0.000000 0.000000 0.000000 
-6.443875 0.000000 0.000000 0.000000 
-6.633016 0.000000 0.000000 0.000000 
-6.818012 0.000000 0.000000 0.000000 
-6.998747 0.000000 0.000000 0.000000 
-7.175108 0.000000 0.000000 0.000000 
-7.346984 0.000000 0.000000 0.000000 
-7.514269 0.000000 0.000000 0.000000 
-7.676858 0.000000 0.000000 0.000000 
-7.834649 0.000000 0.000000 0.000000 
-7.987544 0.000000 0.000000 0.000000 
-8.135446 0.000000 0.000000 0.000000 
-8.278265 0.000000 0.000000 0.000000 
-8.415909 0.000000 0.000000 0.000000 
-8.548294 0.000000 0.000000 0.000000 
-8.675337 0.000000 0.000000 0.000000 
-8.796958 0.000000 0.000000 0.000000 
-8.913081 0.000000 0.000000 0.000000 
-9.023633 0.000000 0.000000 0.000000 
-9.128546 0.000000 0.000000 0.000000 
-9.227754 0.000000 0.000000 0.000000 
-9.321195 0.000000 0.000000 0.000000 
-9.408811 0.000000 0.000000 0.000000 
-9.490546 0.000000 0.000000 0.000000 
-9.566350 0.000000 0.000000 0.000000 
-9.636176 0.000000 0.000000 0.000000 
-9.699979 0.000000 0.000000 0.000000 
-9.757720 0.000000 0.000000 0.000000 
-9.809362 0.000000 0.000000 0.000000 
-9.854874 0.000000 0.000000 0.000000 
-9.894228 0.000000 0.000000 0.000000 
-9.927397 0.000000 0.000000 0.000000 
-9.954363 0.000000 0.000000 0.000000 
-9.975107 0.000000 0.000000 0.000000 
-9.989617 0.000000 0.000000 0.000000 
-9.997884 0.000000 0.000000 0.000000 
-9.999902 0.000000 0.000000 0.000000 
-9.995671 0.000000 0.000000 0.000000 
-9.985193 0.000000 0.000000 0.000000 
-9.968474 0.000000 0.000000 0.000000 
-9.945526 0.000000 0.000000 0.000000 
-9.916362 0.000000 0.000000 0.000000 
-9.881000 0.000000 0.000000 0.000000 
-9.839463 0.000000 0.000000 0.000000 
-9.791777 0.000000 0.000000 0.000000 
-9.737972 0.000000 0.000000 0.000000 
-9.678080 0.000000 0.000000 0.000000 
-9.612140 0.000000 0.000000 0.000000 
-9.540192 0.000000 0.000000 0.000000 
-9.462283 0.000000 0.000000 0.000000 
-9.378460 0.000000 0.000000 0.000000 
-9.288775 0.000000 0.000000 0.000000 
-9.193285 0.000000 0.000000 0.000000 
-9.092050 0.000000 0.000000 0.000000 
-8.985133 0.000000 0.000000 0.000000 
-8.872600 0.000000 0.000000 0.000000 
-8.754522 0.000000 0.000000 0.000000 
-8.630972 0.000000 0.000000 0.000000 
-8.502029 0.000000 0.000000 0.000000 
-8.367772 0.000000 0.000000 0.000000 
-8.228286 0.000000 0.000000 0.000000 
-8.083657 0.000000 0.000000 0.000000 
-7.933976 0.000000 0.000000 0.000000 
-7.779337 0.000000 0.000000 0.000000 
-7.619836 0.000000 0.000000 0.000000 
-7.455573 0.000000 0.000000 0.000000 
-7.286650 0.000000 0.000000 0.000000 
-7.113173 0.000000 0.000000 0.000000 
-6.935251 0.000000 0.000000 0.000000 
-6.752994 0.000000 0.000000 0.000000 
-6.566517 0.000000 0.000000 0.000000 
-6.375937 0.000000 0.000000 0.000000 
-6.181371 0.000000 0.000000 0.000000 
-5.982942 0.000000 0.000000 0.000000 
-5.780775 0.000000 0.000000 0.000000 
-5.574994 0.000000 0.000000 0.000000 
-5.365729 0.000000 0.000000 0.000000 
-5.153111 0.000000 0.000000 0.000000 
-4.937272 0.000000 0.000000 0.000000 
-4.718348 0.000000 0.000000 0.000000 
-4.496475 0.000000 0.000000 0.000000 
-4.271791 0.000000 0.000000 0.000000 
-4.044438 0.000000 0.000000 0.000000 
-3.814558 0.000000 0.000000 0.000000 
-3.582293 0.000000 0.000000 0.000000 
-3.347789 0.000000 0.000000 0.000000 
-3.111194 0.000000 0.000000 0.000000 
-2.872653 0.000000 0.000000 0.000000 
-2.632318 0.000000 0.000000 0.000000 
-2.390337 0.000000 0.000000 0.000000 
-2.146863 0.000000 0.000000 0.000000 
-1.902047 0.000000 0.000000 0.000000 
-1.656042 0.000000 0.000000 0.000000 
-1.409002 0.000000 0.000000 0.000000 
-1.161081 0.000000 0.000000 0.000000 
-0.912435 0.000000 0.000000 0.000000 
-0.663219 0.000000 0.000000 0.000000 
-0.413588 0.000000 0.000000 0.000000 
-0.163699 0.000000 0.000000 0.000000 
0.086293 0.000000 0.000000 0.000000 
0.336230 0.000000 0.000000 0.000000 
0.585958 0.000000 0.000000 0.000000 
0.835319 0.000000 0.000000 0.000000 
1.084159 0.000000 0.000000 0.000000 
1.332320 0.000000 0.000000 0.000000 
1.579649 0.000000 0.000000 0.000000 
1.825991 0.000000 0.000000 0.000000 
2.071192 0.000000 0.000000 0.000000 
2.315098 0.000000 0.000000 0.000000 
2.557558 0.000000 0.000000 0.000000 
2.798419 0.000000 0.000000 0.000000 
3.037531 0.000000 0.000000 0.000000 
3.274744 0.000000 0.000000 0.000000 
3.509911 0.000000 0.000000 0.000000 
3.742885 0.000000 0.000000 0.000000 
3.973519 0.000000 0.000000 0.000000 
4.201670 0.000000 0.000000 0.000000 
4.427195 0.000000 0.000000 0.000000 
4.649954 0.000000 0.000000 0.000000 
4.869806 0.000000 0.000000 0.000000 
5.086615 0.000000 0.000000 0.000000 
5.300244 0.000000 0.000000 0.000000 
5.510562 0.000000 0.000000 0.000000 
5.717435 0.000000 0.000000 0.000000 
5.920735 0.000000 0.000000 0.000000 
6.120335 0.000000 0.000000 0.000000 
6.316110 0.000000 0.000000 0.000000 
6.507937 0.000000 0.000000 0.000000 
6.695698 0.000000 0.000000 0.000000 
6.879273 0.000000 0.000000 0.000000 
7.058550 0.000000 0.000000 0.000000 
7.233415 0.000000 0.000000 0.000000 
7.403759 0.000000 0.000000 0.000000 
7.569476 0.000000 0.000000 0.000000 
7.730463 0.000000 0.000000 0.000000 
7.886618 0.000000 0.000000 0.000000 
8.037844 0.000000 0.000000 0.000000 
8.184047 0.000000 0.000000 0.000000 
8.325135 0.000000 0.000000 0.000000 
8.461021 0.000000 0.000000 0.000000 
8.591618 0.000000 0.000000 0.000000 
8.716846 0.000000 0.000000 0.000000 
8.836626 0.000000 0.000000 0.000000 
8.950884 0.000000 0.000000 0.000000 
9.059547 0.000000 0.000000 0.000000 
9.162549 0.000000 0.000000 0.000000 
9.259824 0.000000 0.000000 0.000000 
9.351313 0.000000 0.000000 0.000000 
9.436957 0.000000 0.000000 0.000000 
9.516703 0.000000 0.000000 0.000000 
9.590501 0.000000 0.000000 0.000000 
9.658306 0.000000 0.000000 0.000000 
9.720075 0.000000 0.000000 0.000000 
9.775769 0.000000 0.000000 0.000000 
9.825353 0.000000 0.000000 0.000000 
9.868797 0.000000 0.000000 0.000000 
9.906074 0.000000 0.000000 0.000000 
9.937159 0.000000 0.000000 0.000000 
9.962034 0.000000 0.000000 0.000000 
9.980683 0.000000 0.000000 0.000000 
9.993094 0.000000 0.000000 0.000000 
9.999260 0.000000 0.000000 0.000000 
9.999177 0.000000 0.000000 0.000000 
9.992844 0.000000 0.000000 0.000000 
9.980267 0.000000 0.000000 0.000000 
9.961452 0.000000 0.000000 0.000000 
9.936411 0.000000 0.000000 0.000000 
9.905161 0.000000 0.000000 0.000000 
9.867720 0.000000 0.000000 0.000000 
9.824112 0.000000 0.000000 0.000000 
9.774364 0.000000 0.000000 0.000000 
9.718508 0.000000 0.000000 0.000000 
9.656578 0.000000 0.000000 0.000000 
9.588613 0.000000 0.000000 0.000000 
9.514655 0.000000 0.000000 0.000000 
9.434751 0.000000 0.000000 0.000000 
9.348951 0.000000 0.000000 0.000000 
9.257307 0.000000 0.000000 0.000000 
9.159879 0.000000 0.000000 0.000000 
9.056725 0.000000 0.000000 0.000000 
8.947912 0.000000 0.000000 0.000000 
8.833506 0.000000 0.000000 0.000000 
8.713580 0.000000 0.000000 0.000000 
8.588208 0.000000 0.000000 0.000000 
8.457468 0.000000 0.000000 0.000000 
8.321443 0.000000 0.000000 0.000000 
8.180218 0.000000 0.000000 0.000000 
8.033880 0.000000 0.000000 0.000000 
7.882521 0.000000 0.000000 0.000000 
7.726235 0.000000 0.000000 0.000000 
7.565122 0.000000 0.000000 0.000000 
7.399280 0.000000 0.000000 0.000000 
7.228813 0.000000 0.000000 0.000000 
7.053830 0.000000 0.000000 0.000000 
6.874437 0.000000 0.000000 0.000000 
6.690749 0.000000 0.000000 0.000000 
6.502878 0.000000 0.000000 0.000000 
6.310944 0.000000 0.000000 0.000000 
6.115066 0.000000 0.000000 0.000000 
5.915366 0.000000 0.000000 0.000000 
5.711969 0.000000 0.000000 0.000000 
5.505002 0.000000 0.000000 0.000000 
5.294595 0.000000 0.000000 0.000000 
5.080878 0.000000 0.000000 0.000000 
4.863987 0.000000 0.000000 0.000000 
4.644055 0.000000 0.000000 0.000000 
4.421222 0.000000 0.000000 0.000000 
4.195625 0.000000 0.000000 0.000000 
3.967406 0.000000 0.000000 0.000000 
3.736707 0.000000 0.000000 0.000000 
3.503673 0.000000 0.000000 0.000000 
3.268450 0.000000 0.000000 0.000000 
3.031184 0.000000 0.000000 0.000000 
2.792023 0.000000 0.000000 0.000000 
2.551117 0.000000 0.000000 0.000000 
2.308618 0.000000 0.000000 0.000000 
2.064675 0.000000 0.000000 0.000000 
1.819442 0.000000 0.000000 0.000000 
1.573072 0.000000 0.000000 0.000000 
1.325718 0.000000 0.000000 0.000000 
1.077537 0.000000 0.000000 0.000000 
0.828681 0.000000 0.000000 0.000000 
0.579308 0.000000 0.000000 0.000000 
0.329573 0.000000 0.000000 0.000000 
0.079632 0.000000 0.000000 0.000000 
-0.170359 0.000000 0.000000 0.000000 
-0.420244 0.000000 0.000000 0.000000 
-0.669865 0.000000 0.000000 0.000000 
-0.919069 0.000000 0.000000 0.000000 
-1.167697 0.000000 0.000000 0.000000 
-1.415596 0.000000 0.000000 0.000000 
-1.662611 0.000000 0.000000 0.000000 
-1.908586 0.000000 0.000000 0.000000 
-2.153368 0.000000 0.000000 0.000000 
-2.396805 0.000000 0.000000 0.000000 
-2.638744 0.000000 0.000000 0.000000 
-2.879033 0.000000 0.000000 0.000000 
-3.117523 0.000000 0.000000 0.000000 
-3.354065 0.000000 0.000000 0.000000 
-3.588511 0.000000 0.000000 0.000000 
-3.820714 0.000000 0.000000 0.000000 
-4.050529 0.000000 0.000000 0.000000 
-4.277813 0.000000 0.000000 0.000000 
-4.502423 0.000000 0.000000 0.000000 
-4.724220 0.000000 0.000000 0.000000 
-4.943064 0.000000 0.000000 0.000000 
-5.158818 0.000000 0.000000 0.000000 
-5.371349 0.000000 0.000000 0.000000 
-5.580523 0.000000 0.000000 0.000000 
-5.786209 0.000000 0.000000 0.000000 
-5.988279 0.000000 0.000000 0.000000 
-6.186606 0.000000 0.000000 0.000000 
-6.381067 0.000000 0.000000 0.000000 
-6.571540 0.000000 0.000000 0.000000 
-6.757906 0.000000 0.000000 0.000000 
-6.940048 0.000000 0.000000 0.000000 
-7.117853 0.000000 0.000000 0.000000 
-7.291210 0.000000 0.000000 0.000000 
-7.460010 0.000000 0.000000 0.000000 
-7.624148 0.000000 0.000000 0.000000 
-7.783521 0.000000 0.000000 0.000000 
-7.938029 0.000000 0.000000 0.000000 
-8.087577 0.000000 0.000000 0.000000 
-8.232070 0.000000 0.000000 0.000000 
-8.371418 0.000000 0.000000 0.000000 
-8.505534 0.000000 0.000000 0.000000 
-8.634335 0.000000 0.000000 0.000000 
-8.757739 0.000000 0.000000 0.000000 
-8.875670 0.000000 0.000000 0.000000 
-8.988054 0.000000 0.000000 0.000000 
-9.094821 0.000000 0.000000 0.000000 
-9.195904 0.000000 0.000000 0.000000 
-9.291240 0.000000 0.000000 0.000000 
-9.380769 0.000000 0.000000 0.000000 
-9.464436 0.000000 0.000000 0.000000 
-9.542187 0.000000 0.000000 0.000000 
-9.613975 0.000000 0.000000 0.000000 
-9.679754 0.000000 0.000000 0.000000 
-9.739484 0.000000 0.000000 0.000000 
-9.793127 0.000000 0.000000 0.000000 
-9.840650 0.000000 0.000000 0.000000 
-9.882023 0.000000 0.000000 0.000000 
-9.917219 0.000000 0.000000 0.000000 
-9.946218 0.000000 0.000000 0.000000 
-9.969001 0.000000 0.000000 0.000000 
-9.985553 0.000000 0.000000 0.000000 
-9.995865 0.000000 0.000000 0.000000 
-9.999929 0.000000 0.000000 0.000000 
-9.997744 0.000000 0.000000 0.000000 
-9.989311 0.000000 0.000000 0.000000 
-9.974635 0.000000 0.000000 0.000000 
-9.953725 0.000000 0.000000 0.000000 
-9.926594 0.000000 0.000000 0.000000 
-9.893259 0.000000 0.000000 0.000000 
-9.853742 0.000000 0.000000 0.000000 
-9.808066 0.000000 0.000000 0.000000 
-9.756260 0.000000 0.000000 0.000000 
-9.698357 0.000000 0.000000 0.000000 
-9.634393 0.000000 0.000000 0.000000 
-9.564408 0.000000 0.000000 0.000000 
-9.488445 0.000000 0.000000 0.000000 
-9.406552 0.000000 0.000000 0.000000 
-9.318781 0.000000 0.000000 0.000000 
-9.225185 0.000000 0.000000 0.000000 
-9.125824 0.000000 0.000000 0.000000 
-9.020760 0.000000 0.000000 0.000000 
-8.910058 0.000000 0.000000 0.000000 
-8.793788 0.000000 0.000000 0.000000 
-8.672022 0.000000 0.000000 0.000000 
-8.544836 0.000000 0.000000 0.000000 
-8.412310 0.000000 0.000000 0.000000 
-8.274526 0.000000 0.000000 0.000000 
-8.131571 0.000000 0.000000 0.000000 
-7.983534 0.000000 0.000000 0.000000 
-7.830508 0.000000 0.000000 0.000000 
-7.672588 0.000000 0.000000 0.000000 
-7.509872 0.000000 0.000000 0.000000 
-7.342464 0.000000 0.000000 0.000000 
-7.170466 0.000000 0.000000 0.000000 
-6.993987 0.000000 0.000000 0.000000 
-6.813138 0.000000 0.000000 0.000000 
-6.628030 0.000000 0.000000 0.000000 
-6.438780 0.000000 0.000000 0.000000 
-6.245506 0.000000 0.000000 0.000000 
-6.048328 0.000000 0.000000 0.000000 
-5.847371 0.000000 0.000000 0.000000 
-5.642759 0.000000 0.000000 0.000000 
-5.434621 0.000000 0.000000 0.000000 
-5.223086 0.000000 0.000000 0.000000 
-5.008287 0.000000 0.000000 0.000000 
-4.790358 0.000000 0.000000 0.000000 
-4.569435 0.000000 0.000000 0.000000 
-4.345656 0.000000 0.000000 0.000000 
-4.119162 0.000000 0.000000 0.000000 
-3.890093 0.000000 0.000000 0.000000 
-3.658593 0.000000 0.000000 0.000000 
-3.424806 0.000000 0.000000 0.000000 
-3.188879 0.000000 0.000000 0.000000 
-2.950959 0.000000 0.000000 0.000000 
-2.711195 0.000000 0.000000 0.000000 
-2.469737 0.000000 0.000000 0.000000 
-2.226735 0.000000 0.000000 0.000000 
-1.982341 0.000000 0.000000 0.000000 
-1.736708 0.000000 0.000000 0.000000 
-1.489990 0.000000 0.000000 0.000000 
-1.242341 0.000000 0.000000 0.000000 
-0.993915 0.000000 0.000000 0.000000 
-0.744869 0.000000 0.000000 0.000000 
-0.495356 0.000000 0.000000 0.000000 
-0.245535 0.000000 0.000000 0.000000 
0.004441 0.000000 0.000000 0.000000 
0.254413 0.000000 0.000000 0.000000 
0.504227 0.000000 0.000000 0.000000 
0.753725 0.000000 0.000000 0.000000 
1.002753 0.000000 0.000000 0.000000 
1.251153 0.000000 0.000000 0.000000 
1.498772 0.000000 0.000000 0.000000 
1.745454 0.000000 0.000000 0.000000 
1.991045 0.000000 0.000000 0.000000 
2.235392 0.000000 0.000000 0.000000 
2.478342 0.000000 0.000000 0.000000 
2.719743 0.000000 0.000000 0.000000 
2.959444 0.000000 0.000000 0.000000 
3.197296 0.000000 0.000000 0.000000 
3.433149 0.000000 0.000000 0.000000 
3.666857 0.000000 0.000000 0.000000 
3.898273 0.000000 0.000000 0.000000 
4.127253 0.000000 0.000000 0.000000 
4.353654 0.000000 0.000000 0.000000 
4.577333 0.000000 0.000000 0.000000 
4.798152 0.000000 0.000000 0.000000 
5.015972 0.000000 0.000000 0.000000 
5.230658 0.000000 0.000000 0.000000 
5.442074 0.000000 0.000000 0.000000 
5.650089 0.000000 0.000000 0.000000 
5.854573 0.000000 0.000000 0.000000 
6.055399 0.000000 0.000000 0.000000 
6.252440 0.000000 0.000000 0.000000 
6.445573 0.000000 0.000000 0.000000 
6.634678 0.000000 0.000000 0.000000 
6.819636 0.000000 0.000000 0.000000 
7.000333 0.000000 0.000000 0.000000 
7.176654 0.000000 0.000000 0.000000 
7.348490 0.000000 0.000000 0.000000 
7.515734 0.000000 0.000000 0.000000 
7.678281 0.000000 0.000000 0.000000 
7.836029 0.000000 0.000000 0.000000 
7.988879 0.000000 0.000000 0.000000 
8.136737 0.000000 0.000000 0.000000 
8.279510 0.000000 0.000000 0.000000 
8.417108 0.000000 0.000000 0.000000 
8.549446 0.000000 0.000000 0.000000 
8.676441 0.000000 0.000000 0.000000 
8.798013 0.000000 0.000000 0.000000 
8.914087 0.000000 0.000000 0.000000 
9.024590 0.000000 0.000000 0.000000 
9.129453 0.000000 0.000000 0.000000 
9.228610 0.000000 0.000000 0.000000 
9.321999 0.000000 0.000000 0.000000 
9.409563 0.000000 0.000000 0.000000 
9.491246 0.000000 0.000000 0.000000 
9.566997 0.000000 0.000000 0.000000 
9.636769 0.000000 0.000000 0.000000 
9.700518 0.000000 0.000000 0.000000 
9.758205 0.000000 0.000000 0.000000 
9.809794 0.000000 0.000000 0.000000 
9.855251 0.000000 0.000000 0.000000 
9.894549 0.000000 0.000000 0.000000 
9.927664 0.000000 0.000000 0.000000 
9.954574 0.000000 0.000000 0.000000 
9.975263 0.000000 0.000000 0.000000 
9.989718 0.000000 0.000000 0.000000 
9.997929 0.000000 0.000000 0.000000 
9.999892 0.000000 0.000000 0.000000 
9.995605 0.000000 0.000000 0.000000 
9.985072 0.000000 0.000000 0.000000 
9.968298 0.000000 0.000000 0.000000 
9.945294 0.000000 0.000000 0.000000 
9.916075 0.000000 0.000000 0.000000 
9.880658 0.000000 0.000000 0.000000 
9.839067 0.000000 0.000000 0.000000 
9.791326 0.000000 0.000000 0.000000 
9.737466 0.000000 0.000000 0.000000 
9.677521 0.000000 0.000000 0.000000 
9.611527 0.000000 0.000000 0.000000 
9.539527 0.000000 0.000000 0.000000 
9.461564 0.000000 0.000000 0.000000 
9.377689 0.000000 0.000000 0.000000 
9.287952 0.000000 0.000000 0.000000 
9.192411 0.000000 0.000000 0.000000 
9.091125 0.000000 0.000000 0.000000 
8.984158 0.000000 0.000000 0.000000 
8.871575 0.000000 0.000000 0.000000 
8.753448 0.000000 0.000000 0.000000 
8.629851 0.000000 0.000000 0.000000 
8.500860 0.000000 0.000000 0.000000 
8.366556 0.000000 0.000000 0.000000 
8.227024 0.000000 0.000000 0.000000 
8.082350 0.000000 0.000000 0.000000 
7.932625 0.000000 0.000000 0.000000 
7.777942 0.000000 0.000000 0.000000 
7.618398 0.000000 0.000000 0.000000 
7.454093 0.000000 0.000000 0.000000 
7.285129 0.000000 0.000000 0.000000 
7.111612 0.000000 0.000000 0.000000 
6.933651 0.000000 0.000000 0.000000 
6.751357 0.000000 0.000000 0.000000 
6.564843 0.000000 0.000000 0.000000 
6.374226 0.000000 0.000000 0.000000 
6.179626 0.000000 0.000000 0.000000 
5.981163 0.000000 0.000000 0.000000 
5.778963 0.000000 0.000000 0.000000 
5.573151 0.000000 0.000000 0.000000 
5.363855 0.000000 0.000000 0.000000 
5.151208 0.000000 0.000000 0.000000 
4.935341 0.000000 0.000000 0.000000 
4.716390 0.000000 0.000000 0.000000 
4.494491 0.000000 0.000000 0.000000 
4.269784 0.000000 0.000000 0.000000 
4.042407 0.000000 0.000000 0.000000 
3.812505 0.000000 0.000000 0.000000 
3.580220 0.000000 0.000000 0.000000 
3.345697 0.000000 0.000000 0.000000 
3.109083 0.000000 0.000000 0.000000 
2.870527 0.000000 0.000000 0.000000 
2.630176 0.000000 0.000000 0.000000 
2.388181 0.000000 0.000000 0.000000 
2.144694 0.000000 0.000000 0.000000 
1.899867 0.000000 0.000000 0.000000 
1.653852 0.000000 0.000000 0.000000 
1.406804 0.000000 0.000000 0.000000 
1.158876 0.000000 0.000000 0.000000 
0.910224 0.000000 0.000000 0.000000 
0.661003 0.000000 0.000000 0.000000 
0.411370 0.000000 0.000000 0.000000 
0.161479 0.000000 0.000000 0.000000 
-0.088513 0.000000 0.000000 0.000000 
-0.338450 0.000000 0.000000 0.000000 
-0.588175 0.000000 0.000000 0.000000 
-0.837532 0.000000 0.000000 0.000000 
-1.086366 0.000000 0.000000 0.000000 
-1.334521 0.000000 0.000000 0.000000 
-1.581842 0.000000 0.000000 0.000000 
-1.828174 0.000000 0.000000 0.000000 
-2.073364 0.000000 0.000000 0.000000 
-2.317258 0.000000 0.000000 0.000000 
-2.559704 0.000000 0.000000 0.000000 
-2.800550 0.000000 0.000000 0.000000 
-3.039646 0.000000 0.000000 0.000000 
-3.276842 0.000000 0.000000 0.000000 
-3.511991 0.000000 0.000000 0.000000 
-3.744944 0.000000 0.000000 0.000000 
-3.975557 0.000000 0.000000 0.000000 
-4.203685 0.000000 0.000000 0.000000 
-4.429186 0.000000 0.000000 0.000000 
-4.651919 0.000000 0.000000 0.000000 
-4.871745 0.000000 0.000000 0.000000 
-5.088526 0.000000 0.000000 0.000000 
-5.302127 0.000000 0.000000 0.000000 
-5.512414 0.000000 0.000000 0.000000 
-5.719257 0.000000 0.000000 0.000000 
-5.922524 0.000000 0.000000 0.000000 
-6.122091 0.000000 0.000000 0.000000 
-6.317831 0.000000 0.000000 0.000000 
-6.509623 0.000000 0.000000 0.000000 
-6.697347 0.000000 0.000000 0.000000 
-6.880885 0.000000 0.000000 0.000000 
-7.060122 0.000000 0.000000 0.000000 
-7.234948 0.000000 0.000000 0.000000 
-7.405251 0.000000 0.000000 0.000000 
-7.570927 0.000000 0.000000 0.000000 
-7.731871 0.000000 0.000000 0.000000 
-7.887983 0.000000 0.000000 0.000000 
-8.039165 0.000000 0.000000 0.000000 
-8.185323 0.000000 0.000000 0.000000 
-8.326365 0.000000 0.000000 0.000000 
-8.462204 0.000000 0.000000 0.000000 
-8.592754 0.000000 0.000000 0.000000 
-8.717934 0.000000 0.000000 0.000000 
-8.837665 0.000000 0.000000 0.000000 
-8.951874 0.000000 0.000000 0.000000 
-9.060487 0.000000 0.000000 0.000000 
-9.163438 0.000000 0.000000 0.000000 
-9.260663 0.000000 0.000000 0.000000 
-9.352099 0.000000 0.000000 0.000000 
-9.437691 0.000000 0.000000 0.000000 
-9.517385 0.000000 0.000000 0.000000 
-9.591130 0.000000 0.000000 0.000000 
-9.658882 0.000000 0.000000 0.000000 
-9.720596 0.000000 0.000000 0.000000 
-9.776236 0.000000 0.000000 0.000000 
-9.825766 0.000000 0.000000 0.000000 
-9.869156 0.000000 0.000000 0.000000 
-9.906377 0.000000 0.000000 0.000000 
-9.937407 0.000000 0.000000 0.000000 
-9.962227 0.000000 0.000000 0.000000 
-9.980820 0.000000 0.000000 0.000000 
-9.993176 0.000000 0.000000 0.000000 
-9.999287 0.000000 0.000000 0.000000 
-9.999148 0.000000 0.000000 0.000000 
-9.992760 0.000000 0.000000 0.000000 
-9.980127 0.000000 0.000000 0.000000 
-9.961257 0.000000 0.000000 0.000000 
-9.936161 0.000000 0.000000 0.000000 
-9.904855 0.000000 0.000000 0.000000 
-9.867359 0.000000 0.000000 0.000000 
-9.823697 0.000000 0.000000 0.000000 
-9.773895 0.000000 0.000000 0.000000 
-9.717984 0.000000 0.000000 0.000000 
-9.656001 0.000000 0.000000 0.000000 
-9.587982 0.000000 0.000000 0.000000 
-9.513971 0.000000 0.000000 0.000000 
-9.434015 0.000000 0.000000 0.000000 
-9.348162 0.000000 0.000000 0.000000 
-9.256467 0.000000 0.000000 0.000000 
-9.158988 0.000000 0.000000 0.000000 
-9.055784 0.000000 0.000000 0.000000 
-8.946920 0.000000 0.000000 0.000000 
-8.832465 0.000000 0.000000 0.000000 
-8.712490 0.000000 0.000000 0.000000 
-8.587070 0.000000 0.000000 0.000000 
-8.456283 0.000000 0.000000 0.000000 
-8.320212 0.000000 0.000000 0.000000 
-8.178940 0.000000 0.000000 0.000000 
-8.032557 0.000000 0.000000 0.000000 
-7.881154 0.000000 0.000000 0.000000 
-7.724826 0.000000 0.000000 0.000000 
-7.563669 0.000000 0.000000 0.000000 
-7.397786 0.000000 0.000000 0.000000 
-7.227279 0.000000 0.000000 0.000000 
-7.052256 0.000000 0.000000 0.000000 
-6.872825 0.000000 0.000000 0.000000 
-6.689098 0.000000 0.000000 0.000000 
-6.501191 0.000000 0.000000 0.000000 
-6.309222 0.000000 0.000000 0.000000 
-6.113309 0.000000 0.000000 0.000000 
-5.913575 0.000000 0.000000 0.000000 
-5.710146 0.000000 0.000000 0.000000 
-5.503148 0.000000 0.000000 0.000000 
-5.292711 0.000000 0.000000 0.000000 
-5.078966 0.000000 0.000000 0.000000 
-4.862047 0.000000 0.000000 0.000000 
-4.642089 0.000000 0.000000 0.000000 
-4.419230 0.000000 0.000000 0.000000 
-4.193609 0.000000 0.000000 0.000000 
-3.965367 0.000000 0.000000 0.000000 
-3.734648 0.000000 0.000000 0.000000 
-3.501594 0.000000 0.000000 0.000000 
-3.266351 0.000000 0.000000 0.000000 
-3.029068 0.000000 0.000000 0.000000 
-2.789891 0.000000 0.000000 0.000000 
-2.548970 0.000000 0.000000 0.000000 
-2.306457 0.000000 0.000000 0.000000 
-2.062502 0.000000 0.000000 0.000000 
-1.817258 0.000000 0.000000 0.000000 
-1.570879 0.000000 0.000000 0.000000 
-1.323518 0.000000 0.000000 0.000000 
-1.075329 0.000000 0.000000 0.000000 
-0.826469 0.000000 0.000000 0.000000 
-0.577091 0.000000 0.000000 0.000000 
-0.327354 0.000000 0.000000 0.000000 
-0.077412 0.000000 0.000000 0.000000 
0.172579 0.000000 0.000000 0.000000 
0.422462 0.000000 0.000000 0.000000 
0.672081 0.000000 0.000000 0.000000 
0.921279 0.000000 0.000000 0.000000 
1.169902 0.000000 0.000000 0.000000 
1.417794 0.000000 0.000000 0.000000 
1.664800 0.000000 0.000000 0.000000 
1.910765 0.000000 0.000000 0.000000 
2.155536 0.000000 0.000000 0.000000 
2.398960 0.000000 0.000000 0.000000 
2.640885 0.000000 0.000000 0.000000 
2.881159 0.000000 0.000000 0.000000 
3.119633 0.000000 0.000000 0.000000 
3.356157 0.000000 0.000000 0.000000 
3.590584 0.000000 0.000000 0.000000 
3.822766 0.000000 0.000000 0.000000 
4.052559 0.000000 0.000000 0.000000 
4.279820 0.000000 0.000000 0.000000 
4.504406 0.000000 0.000000 0.000000 
4.726177 0.000000 0.000000 0.000000 
4.944994 0.000000 0.000000 0.000000 
5.160720 0.000000 0.000000 0.000000 
5.373222 0.000000 0.000000 0.000000 
5.582365 0.000000 0.000000 0.000000 
5.788020 0.000000 0.000000 0.000000 
5.990057 0.000000 0.000000 0.000000 
6.188350 0.000000 0.000000 0.000000 
6.382776 0.000000 0.000000 0.000000 
6.573213 0.000000 0.000000 0.000000 
6.759542 0.000000 0.000000 0.000000 
6.941647 0.000000 0.000000 0.000000 
7.119413 0.000000 0.000000 0.000000 
7.292730 0.000000 0.000000 0.000000 
7.461489 0.000000 0.000000 0.000000 
7.625585 0.000000 0.000000 0.000000 
7.784915 0.000000 0.000000 0.000000 
7.939379 0.000000 0.000000 0.000000 
8.088882 0.000000 0.000000 0.000000 
8.233330 0.000000 0.000000 0.000000 
8.372632 0.000000 0.000000 0.000000 
8.506702 0.000000 0.000000 0.000000 
8.635455 0.000000 0.000000 0.000000 
8.758811 0.000000 0.000000 0.000000 
8.876693 0.000000 0.000000 0.000000 
8.989028 0.000000 0.000000 0.000000 
9.095744 0.000000 0.000000 0.000000 
9.196776 0.000000 0.000000 0.000000 
9.292061 0.000000 0.000000 0.000000 
9.381538 0.000000 0.000000 0.000000 
9.465152 0.000000 0.000000 0.000000 
9.542851 0.000000 0.000000 0.000000 
9.614586 0.000000 0.000000 0.000000 
9.680312 0.000000 0.000000 0.000000 
9.739988 0.000000 0.000000 0.000000 
9.793576 0.000000 0.000000 0.000000 
9.841045 0.000000 0.000000 0.000000 
9.882362 0.000000 0.000000 0.000000 
9.917504 0.000000 0.000000 0.000000 
9.946448 0.000000 0.000000 0.000000 
9.969175 0.000000 0.000000 0.000000 
9.985672 0.000000 0.000000 0.000000 
9.995928 0.000000 0.000000 0.000000 
9.999937 0.000000 0.000000 0.000000 
9.997697 0.000000 0.000000 0.000000 
9.989208 0.000000 0.000000 0.000000 
9.974476 0.000000 0.000000 0.000000 
9.953511 0.000000 0.000000 0.000000 
9.926325 0.000000 0.000000 0.000000 
9.892935 0.000000 0.000000 0.000000 
9.853363 0.000000 0.000000 0.000000 
9.807632 0.000000 0.000000 0.000000 
9.755773 0.000000 0.000000 0.000000 
9.697816 0.000000 0.000000 0.000000 
9.633798 0.000000 0.000000 0.000000 
9.563759 0.000000 0.000000 0.000000 
9.487744 0.000000 0.000000 0.000000 
9.405799 0.000000 0.000000 0.000000 
9.317975 0.000000 0.000000 0.000000 
9.224328 0.000000 0.000000 0.000000 
9.124916 0.000000 0.000000 0.000000 
9.019802 0.000000 0.000000 0.000000 
8.909050 0.000000 0.000000 0.000000 
8.792731 0.000000 0.000000 0.000000 
8.670916 0.000000 0.000000 0.000000 
8.543682 0.000000 0.000000 0.000000 
8.411109 0.000000 0.000000 0.000000 
8.273279 0.000000 0.000000 0.000000 
8.130279 0.000000 0.000000 0.000000 
7.982197 0.000000 0.000000 0.000000 
7.829127 0.000000 0.000000 0.000000 
7.671164 0.000000 0.000000 0.000000 
7.508406 0.000000 0.000000 0.000000 
7.340956 0.000000 0.000000 0.000000 
7.168918 0.000000 0.000000 0.000000 
6.992400 0.000000 0.000000 0.000000 
6.811512 0.000000 0.000000 0.000000 
6.626367 0.000000 0.000000 0.000000 
6.437081 0.000000 0.000000 0.000000 
6.243771 0.000000 0.000000 0.000000 
6.046560 0.000000 0.000000 0.000000 
5.845569 0.000000 0.000000 0.000000 
5.640926 0.000000 0.000000 0.000000 
5.432757 0.000000 0.000000 0.000000 
5.221192 0.000000 0.000000 0.000000 
5.006365 0.000000 0.000000 0.000000 
4.788409 0.000000 0.000000 0.000000 
4.567460 0.000000 0.000000 0.000000 
4.343656 0.000000 0.000000 0.000000 
4.117138 0.000000 0.000000 0.000000 
3.888047 0.000000 0.000000 0.000000 
3.656526 0.000000 0.000000 0.000000 
3.422720 0.000000 0.000000 0.000000 
3.186775 0.000000 0.000000 0.000000 
2.948838 0.000000 0.000000 0.000000 
2.709058 0.000000 0.000000 0.000000 
2.467585 0.000000 0.000000 0.000000 
2.224570 0.000000 0.000000 0.000000 
1.980164 0.000000 0.000000 0.000000 
1.734522 0.000000 0.000000 0.000000 
1.487795 0.000000 0.000000 0.000000 
1.240138 0.000000 0.000000 0.000000 
0.991706 0.000000 0.000000 0.000000 
0.742654 0.000000 0.000000 0.000000 
0.493139 0.000000 0.000000 0.000000 
0.243315 0.000000 0.000000 0.000000 
-0.006661 0.000000 0.000000 0.000000 
-0.256633 0.000000 0.000000 0.000000 
-0.506444 0.000000 0.000000 0.000000 
-0.755939 0.000000 0.000000 0.000000 
-1.004962 0.000000 0.000000 0.000000 
-1.253356 0.000000 0.000000 0.000000 
-1.500967 0.000000 0.000000 0.000000 
-1.747640 0.000000 0.000000 0.000000 
-1.993221 0.000000 0.000000 0.000000 
-2.237556 0.000000 0.000000 0.000000 
-2.480493 0.000000 0.000000 0.000000 
-2.721880 0.000000 0.000000 0.000000 
-2.961565 0.000000 0.000000 0.000000 
-3.199400 0.000000 0.000000 0.000000 
-3.435235 0.000000 0.000000 0.000000 
-3.668923 0.000000 0.000000 0.000000 
-3.900318 0.000000 0.000000 0.000000 
-4.129275 0.000000 0.000000 0.000000 
-4.355652 0.000000 0.000000 0.000000 
-4.579307 0.000000 0.000000 0.000000 
-4.800100 0.000000 0.000000 0.000000 
-5.017893 0.000000 0.000000 0.000000 
-5.232550 0.000000 0.000000 0.000000 
-5.443937 0.000000 0.000000 0.000000 
-5.651921 0.000000 0.000000 0.000000 
-5.856373 0.000000 0.000000 0.000000 
-6.057166 0.000000 0.000000 0.000000 
-6.254172 0.000000 0.000000 0.000000 
-6.447270 0.000000 0.000000 0.000000 
-6.636339 0.000000 0.000000 0.000000 
-6.821260 0.000000 0.000000 0.000000 
-7.001918 0.000000 0.000000 0.000000 
-7.178200 0.000000 0.000000 0.000000 
-7.349996 0.000000 0.000000 0.000000 
-7.517199 0.000000 0.000000 0.000000 
-7.679703 0.000000 0.000000 0.000000 
-7.837408 0.000000 0.000000 0.000000 
-7.990215 0.000000 0.000000 0.000000 
-8.138028 0.000000 0.000000 0.000000 
-8.280755 0.000000 0.000000 0.000000 
-8.418307 0.000000 0.000000 0.000000 
-8.550598 0.000000 0.000000 0.000000 
-8.677545 0.000000 0.000000 0.000000 
-8.799068 0.000000 0.000000 0.000000 
-8.915093 0.000000 0.000000 0.000000 
-9.025546 0.000000 0.000000 0.000000 
-9.130358 0.000000 0.000000 0.000000 
-9.229465 0.000000 0.000000 0.000000 
-9.322803 0.000000 0.000000 0.000000 
-9.410314 0.000000 0.000000 0.000000 
-9.491945 0.000000 0.000000 0.000000 
-9.567643 0.000000 0.000000 0.000000 
-9.637362 0.000000 0.000000 0.000000 
-9.701057 0.000000 0.000000 0.000000 
-9.758690 0.000000 0.000000 0.000000 
-9.810224 0.000000 0.000000 0.000000 
-9.855627 0.000000 0.000000 0.000000 
-9.894871 0.000000 0.000000 0.000000 
-9.927930 0.000000 0.000000 0.000000 
-9.954785 0.000000 0.000000 0.000000 
-9.975419 0.000000 0.000000 0.000000 
-9.989818 0.000000 0.000000 0.000000 
-9.997974 0.000000 0.000000 0.000000 
-9.999881 0.000000 0.000000 0.000000 
-9.995539 0.000000 0.000000 0.000000 
-9.984950 0.000000 0.000000 0.000000 
-9.968121 0.000000 0.000000 0.000000 
-9.945062 0.000000 0.000000 0.000000 
-9.915788 0.000000 0.000000 0.000000 
-9.880316 0.000000 0.000000 0.000000 
-9.838670 0.000000 0.000000 0.000000 
-9.790875 0.000000 0.000000 0.000000 
-9.736961 0.000000 0.000000 0.000000 
-9.676961 0.000000 0.000000 0.000000 
-9.610914 0.000000 0.000000 0.000000 
-9.538860 0.000000 0.000000 0.000000 
-9.460845 0.000000 0.000000 0.000000 
-9.376917 0.000000 0.000000 0.000000 
-9.287129 0.000000 0.000000 0.000000 
-9.191537 0.000000 0.000000 0.000000 
-9.090200 0.000000 0.000000 0.000000 
-8.983182 0.000000 0.000000 0.000000 
-8.870550 0.000000 0.000000 0.000000 
-8.752375 0.000000 0.000000 0.000000 
-8.628729 0.000000 0.000000 0.000000 
-8.499690 0.000000 0.000000 0.000000 
-8.365340 0.000000 0.000000 0.000000 
-8.225761 0.000000 0.000000 0.000000 
-8.081042 0.000000 0.000000 0.000000 
-7.931272 0.000000 0.000000 0.000000 
-7.776546 0.000000 0.000000 0.000000 
-7.616959 0.000000 0.000000 0.000000 
-7.452612 0.000000 0.000000 0.000000 
-7.283608 0.000000 0.000000 0.000000 
-7.110051 0.000000 0.000000 0.000000 
-6.932051 0.000000 0.000000 0.000000 
-6.749718 0.000000 0.000000 0.000000 
-6.563168 0.000000 0.000000 0.000000 
-6.372515 0.000000 0.000000 0.000000 
-6.177880 0.000000 0.000000 0.000000 
-5.979384 0.000000 0.000000 0.000000 
-5.777150 0.000000 0.000000 0.000000 
-5.571307 0.000000 0.000000 0.000000 
-5.361981 0.000000 0.000000 0.000000 
-5.149305 0.000000 0.000000 0.000000 
-4.933410 0.000000 0.000000 0.000000 
-4.714432 0.000000 0.000000 0.000000 
-4.492508 0.000000 0.000000 0.000000 
-4.267776 0.000000 0.000000 0.000000 
-4.040376 0.000000 0.000000 0.000000 
-3.810452 0.000000 0.000000 0.000000 
-3.578146 0.000000 0.000000 0.000000 
-3.343604 0.000000 0.000000 0.000000 
-3.106973 0.000000 0.000000 0.000000 
-2.868399 0.000000 0.000000 0.000000 
-2.628033 0.000000 0.000000 0.000000 
-2.386025 0.000000 0.000000 0.000000 
-2.142525 0.000000 0.000000 0.000000 
-1.897687 0.000000 0.000000 0.000000 
-1.651662 0.000000 0.000000 0.000000 
-1.404605 0.000000 0.000000 0.000000 
-1.156671 0.000000 0.000000 0.000000 
-0.908013 0.000000 0.000000 0.000000 
-0.658788 0.000000 0.000000 0.000000 
-0.409151 0.000000 0.000000 0.000000 
-0.159259 0.000000 0.000000 0.000000 
