1.074368 1.506967 0.000000 -1.168537 0.016222 -0.209088 0.000000 0.183674 0.065076 0.007232 0.000000 0.000034 
1.076640 1.486148 0.000000 -1.150187 0.022721 -0.208186 0.000000 0.183502 0.065016 0.009189 0.000000 -0.001874 
1.079563 1.465446 0.000000 -1.131879 0.029228 -0.207029 0.000000 0.183086 0.065070 0.011494 0.000000 -0.004089 
1.083138 1.444883 0.000000 -1.113635 0.035753 -0.205625 0.000000 0.182435 0.065244 0.014008 0.000000 -0.006484 
1.087368 1.424485 0.000000 -1.095480 0.042300 -0.203980 0.000000 0.181553 0.065463 0.016471 0.000000 -0.008834 
1.092255 1.404276 0.000000 -1.077436 0.048867 -0.202094 0.000000 0.180439 0.065671 0.018863 0.000000 -0.011139 
1.097800 1.384279 0.000000 -1.059527 0.055453 -0.199966 0.000000 0.179091 0.065866 0.021268 0.000000 -0.013486 
1.104006 1.364520 0.000000 -1.041777 0.062060 -0.197594 0.000000 0.177500 0.066066 0.023737 0.000000 -0.015915 
1.110875 1.345023 0.000000 -1.024211 0.068687 -0.194966 0.000000 0.175658 0.066270 0.026280 0.000000 -0.018415 
1.118408 1.325815 0.000000 -1.006855 0.075334 -0.192079 0.000000 0.173562 0.066474 0.028855 0.000000 -0.020953 
1.126608 1.306922 0.000000 -0.989734 0.082000 -0.188936 0.000000 0.171211 0.066655 0.031424 0.000000 -0.023516 
1.135476 1.288368 0.000000 -0.972874 0.088678 -0.185536 0.000000 0.168599 0.066779 0.034019 0.000000 -0.026127 
1.145012 1.270181 0.000000 -0.956302 0.095361 -0.181868 0.000000 0.165718 0.066830 0.036691 0.000000 -0.028801 
1.155216 1.252389 0.000000 -0.940046 0.102042 -0.177924 0.000000 0.162565 0.066819 0.039417 0.000000 -0.031527 
1.166088 1.235018 0.000000 -0.924132 0.108717 -0.173709 0.000000 0.159136 0.066743 0.042150 0.000000 -0.034302 
1.177625 1.218096 0.000000 -0.908590 0.115373 -0.169220 0.000000 0.155422 0.066567 0.044901 0.000000 -0.037139 
1.189825 1.201651 0.000000 -0.893448 0.121999 -0.164449 0.000000 0.151418 0.066254 0.047709 0.000000 -0.040027 
1.202683 1.185712 0.000000 -0.878736 0.128578 -0.159392 0.000000 0.147124 0.065785 0.050570 0.000000 -0.042947 
1.216192 1.170307 0.000000 -0.864482 0.135093 -0.154047 0.000000 0.142534 0.065162 0.053446 0.000000 -0.045901 
1.230345 1.155466 0.000000 -0.850718 0.141530 -0.148415 0.000000 0.137645 0.064370 0.056319 0.000000 -0.048890 
1.245132 1.141216 0.000000 -0.837472 0.147868 -0.142496 0.000000 0.132455 0.063368 0.059195 0.000000 -0.051893 
1.260540 1.127587 0.000000 -0.824776 0.154080 -0.136289 0.000000 0.126966 0.062127 0.062068 0.000000 -0.054901 
1.276554 1.114608 0.000000 -0.812658 0.160144 -0.129796 0.000000 0.121175 0.060642 0.064917 0.000000 -0.057919 
1.293158 1.102305 0.000000 -0.801150 0.166035 -0.123024 0.000000 0.115081 0.058900 0.067740 0.000000 -0.060926 
1.310330 1.090708 0.000000 -0.790281 0.171723 -0.115970 0.000000 0.108693 0.056885 0.070533 0.000000 -0.063878 
1.328048 1.079844 0.000000 -0.780079 0.177181 -0.108644 0.000000 0.102018 0.054586 0.073255 0.000000 -0.066759 
1.346286 1.069738 0.000000 -0.770573 0.182380 -0.101057 0.000000 0.095060 0.051980 0.075869 0.000000 -0.069580 
1.365015 1.060416 0.000000 -0.761790 0.187285 -0.093220 0.000000 0.087828 0.049053 0.078378 0.000000 -0.072314 
1.384201 1.051902 0.000000 -0.753757 0.191866 -0.085142 0.000000 0.080336 0.045825 0.080781 0.000000 -0.074915 
1.403811 1.044218 0.000000 -0.746496 0.196098 -0.076837 0.000000 0.072601 0.042305 0.083047 0.000000 -0.077360 
1.423806 1.037386 0.000000 -0.740033 0.199947 -0.068323 0.000000 0.064637 0.038480 0.085138 0.000000 -0.079632 
1.444144 1.031424 0.000000 -0.734386 0.203382 -0.059620 0.000000 0.056466 0.034367 0.087037 0.000000 -0.081708 
1.464782 1.026349 0.000000 -0.729575 0.206383 -0.050746 0.000000 0.048110 0.030008 0.088732 0.000000 -0.083565 
1.485675 1.022177 0.000000 -0.725616 0.208925 -0.041726 0.000000 0.039592 0.025410 0.090201 0.000000 -0.085188 
1.506773 1.018918 0.000000 -0.722522 0.210983 -0.032584 0.000000 0.030936 0.020575 0.091422 0.000000 -0.086548 
1.528027 1.016584 0.000000 -0.720305 0.212538 -0.023345 0.000000 0.022175 0.015560 0.092388 0.000000 -0.087616 
1.549385 1.015180 0.000000 -0.718971 0.213582 -0.014036 0.000000 0.013337 0.010442 0.093092 0.000000 -0.088384 
1.570796 1.014712 0.000000 -0.718526 0.214108 -0.004683 0.000000 0.004451 0.005262 0.093523 0.000000 -0.088856 
1.592207 1.015180 0.000000 -0.718971 0.214111 0.004683 0.000000 -0.004451 0.000027 0.093668 0.000000 -0.089017 
1.613566 1.016584 0.000000 -0.720305 0.213588 0.014036 0.000000 -0.013337 -0.005239 0.093523 0.000000 -0.088856 
1.634820 1.018918 0.000000 -0.722522 0.212540 0.023345 0.000000 -0.022175 -0.010472 0.093092 0.000000 -0.088384 
1.655918 1.022177 0.000000 -0.725616 0.210980 0.032584 0.000000 -0.030936 -0.015596 0.092388 0.000000 -0.087616 
1.676810 1.026349 0.000000 -0.729575 0.208923 0.041726 0.000000 -0.039592 -0.020573 0.091422 0.000000 -0.086548 
1.697449 1.031424 0.000000 -0.734386 0.206385 0.050746 0.000000 -0.048110 -0.025394 0.090201 0.000000 -0.085188 
1.717787 1.037386 0.000000 -0.740033 0.203382 0.059620 0.000000 -0.056466 -0.030017 0.088732 0.000000 -0.083565 
1.737781 1.044218 0.000000 -0.746496 0.199943 0.068323 0.000000 -0.064637 -0.034380 0.087037 0.000000 -0.081708 
1.757391 1.051902 0.000000 -0.753757 0.196098 0.076837 0.000000 -0.072601 -0.038468 0.085138 0.000000 -0.079632 
1.776578 1.060416 0.000000 -0.761790 0.191868 0.085142 0.000000 -0.080336 -0.042295 0.083047 0.000000 -0.077360 
1.795306 1.069738 0.000000 -0.770573 0.187283 0.093220 0.000000 -0.087828 -0.045836 0.080781 0.000000 -0.074915 
1.813544 1.079844 0.000000 -0.780079 0.182378 0.101057 0.000000 -0.095060 -0.049057 0.078378 0.000000 -0.072314 
1.831262 1.090708 0.000000 -0.790281 0.177183 0.108644 0.000000 -0.102018 -0.051961 0.075869 0.000000 -0.069580 
1.848435 1.102305 0.000000 -0.801150 0.171725 0.115970 0.000000 -0.108693 -0.054568 0.073255 0.000000 -0.066759 
1.865038 1.114608 0.000000 -0.812658 0.166036 0.123024 0.000000 -0.115081 -0.056883 0.070533 0.000000 -0.063878 
1.881053 1.127587 0.000000 -0.824776 0.160146 0.129796 0.000000 -0.121175 -0.058914 0.067740 0.000000 -0.060926 
1.896461 1.141216 0.000000 -0.837472 0.154079 0.136289 0.000000 -0.126966 -0.060670 0.064917 0.000000 -0.057919 
1.911247 1.155466 0.000000 -0.850718 0.147864 0.142496 0.000000 -0.132455 -0.062140 0.062068 0.000000 -0.054901 
1.925400 1.170307 0.000000 -0.864482 0.141530 0.148415 0.000000 -0.137645 -0.063340 0.059195 0.000000 -0.051893 
1.938910 1.185712 0.000000 -0.878736 0.135098 0.154047 0.000000 -0.142534 -0.064334 0.056319 0.000000 -0.048890 
1.951768 1.201651 0.000000 -0.893448 0.128581 0.159392 0.000000 -0.147124 -0.065163 0.053446 0.000000 -0.045901 
1.963968 1.218096 0.000000 -0.908590 0.121999 0.164449 0.000000 -0.151418 -0.065811 0.050570 0.000000 -0.042947 
1.975505 1.235018 0.000000 -0.924132 0.115373 0.169220 0.000000 -0.155422 -0.066264 0.047709 0.000000 -0.040027 
1.986377 1.252389 0.000000 -0.940046 0.108717 0.173709 0.000000 -0.159136 -0.066563 0.044901 0.000000 -0.037139 
1.996581 1.270181 0.000000 -0.956302 0.102042 0.177924 0.000000 -0.162565 -0.066752 0.042150 0.000000 -0.034302 
2.006117 1.288368 0.000000 -0.972874 0.095357 0.181868 0.000000 -0.165718 -0.066842 0.039417 0.000000 -0.031527 
2.014984 1.306922 0.000000 -0.989734 0.088674 0.185536 0.000000 -0.168599 -0.066832 0.036691 0.000000 -0.028801 
2.023184 1.325815 0.000000 -1.006855 0.081999 0.188936 0.000000 -0.171211 -0.066756 0.034019 0.000000 -0.026127 
2.030718 1.345023 0.000000 -1.024211 0.075335 0.192079 0.000000 -0.173562 -0.066640 0.031424 0.000000 -0.023516 
2.037586 1.364520 0.000000 -1.041777 0.068686 0.194966 0.000000 -0.175658 -0.066476 0.028855 0.000000 -0.020953 
2.043792 1.384279 0.000000 -1.059527 0.062060 0.197594 0.000000 -0.177500 -0.066274 0.026278 0.000000 -0.018413 
2.049338 1.404276 0.000000 -1.077436 0.055454 0.199966 0.000000 -0.179091 -0.066070 0.023738 0.000000 -0.015915 
2.054224 1.424485 0.000000 -1.095480 0.048865 0.202094 0.000000 -0.180439 -0.065870 0.021276 0.000000 -0.013494 
2.058454 1.444883 0.000000 -1.113635 0.042300 0.203981 0.000000 -0.181554 -0.065650 0.018860 0.000000 -0.011137 
2.062030 1.465446 0.000000 -1.131879 0.035758 0.205625 0.000000 -0.182435 -0.065434 0.016436 0.000000 -0.008804 
2.064953 1.486148 0.000000 -1.150187 0.029232 0.207025 0.000000 -0.183082 -0.065266 0.014010 0.000000 -0.006483 
2.067225 1.506967 0.000000 -1.168537 0.022717 0.208186 0.000000 -0.183502 -0.065137 0.011622 0.000000 -0.004198 
2.068846 1.527878 0.000000 -1.186907 0.016215 0.209114 0.000000 -0.183698 -0.065013 0.009271 0.000000 -0.001949 
2.069819 1.548859 0.000000 -1.205274 0.009726 0.209806 0.000000 -0.183670 -0.064904 0.006914 0.000000 0.000274 
2.070143 1.569885 0.000000 -1.223616 0.003242 0.210259 0.000000 -0.183422 -0.064842 0.004535 0.000000 0.002470 
2.069819 1.590932 0.000000 -1.241912 -0.003242 0.210475 0.000000 -0.182959 -0.064826 0.002158 0.000000 0.004638 
2.068846 1.611978 0.000000 -1.260140 -0.009726 0.210454 0.000000 -0.182279 -0.064842 -0.000208 0.000000 0.006799 
2.067225 1.632997 0.000000 -1.278278 -0.016215 0.210196 0.000000 -0.181382 -0.064904 -0.002589 0.000000 0.008970 
2.064953 1.653967 0.000000 -1.296305 -0.022717 0.209696 0.000000 -0.180268 -0.065013 -0.005001 0.000000 0.011141 
2.062030 1.674862 0.000000 -1.314199 -0.029232 0.208951 0.000000 -0.178938 -0.065137 -0.007437 0.000000 0.013290 
2.058454 1.695658 0.000000 -1.331938 -0.035758 0.207962 0.000000 -0.177397 -0.065266 -0.009890 0.000000 0.015417 
2.054224 1.716331 0.000000 -1.349503 -0.042300 0.206726 0.000000 -0.175643 -0.065434 -0.012372 0.000000 0.017550 
2.049338 1.736854 0.000000 -1.366870 -0.048865 0.205235 0.000000 -0.173672 -0.065650 -0.014906 0.000000 0.019705 
2.043792 1.757203 0.000000 -1.384018 -0.055454 0.203486 0.000000 -0.171485 -0.065870 -0.017494 0.000000 0.021866 
2.037586 1.777350 0.000000 -1.400927 -0.062060 0.201472 0.000000 -0.169083 -0.066070 -0.020129 0.000000 0.024021 
2.030718 1.797269 0.000000 -1.417573 -0.068686 0.199191 0.000000 -0.166465 -0.066274 -0.022812 0.000000 0.026182 
2.023184 1.816933 0.000000 -1.433936 -0.075335 0.196637 0.000000 -0.163629 -0.066476 -0.025553 0.000000 0.028352 
2.014984 1.836313 0.000000 -1.449994 -0.081999 0.193801 0.000000 -0.160577 -0.066640 -0.028343 0.000000 0.030530 
2.006117 1.855381 0.000000 -1.465724 -0.088674 0.190683 0.000000 -0.157305 -0.066756 -0.031178 0.000000 0.032714 
1.996581 1.874109 0.000000 -1.481106 -0.095357 0.187276 0.000000 -0.153815 -0.066832 -0.034083 0.000000 0.034904 
1.986377 1.892466 0.000000 -1.496116 -0.102042 0.183569 0.000000 -0.150105 -0.066842 -0.037075 0.000000 0.037100 
1.975505 1.910421 0.000000 -1.510734 -0.108717 0.179555 0.000000 -0.146175 -0.066752 -0.040122 0.000000 0.039301 
1.963968 1.927945 0.000000 -1.524936 -0.115373 0.175236 0.000000 -0.142025 -0.066563 -0.043204 0.000000 0.041497 
1.951768 1.945005 0.000000 -1.538702 -0.121999 0.170602 0.000000 -0.137657 -0.066264 -0.046338 0.000000 0.043682 
1.938910 1.961570 0.000000 -1.552009 -0.128581 0.165648 0.000000 -0.133071 -0.065811 -0.049535 0.000000 0.045857 
1.925400 1.977607 0.000000 -1.564836 -0.135098 0.160371 0.000000 -0.128269 -0.065163 -0.052769 0.000000 0.048019 
1.911247 1.993084 0.000000 -1.577161 -0.141530 0.154769 0.000000 -0.123253 -0.064334 -0.056021 0.000000 0.050163 
1.896461 2.007968 0.000000 -1.588964 -0.147864 0.148840 0.000000 -0.118024 -0.063340 -0.059292 0.000000 0.052288 
1.881053 2.022226 0.000000 -1.600222 -0.154079 0.142582 0.000000 -0.112586 -0.062140 -0.062587 0.000000 0.054378 
1.865038 2.035826 0.000000 -1.610917 -0.160146 0.135993 0.000000 -0.106944 -0.060670 -0.065883 0.000000 0.056416 
1.848435 2.048733 0.000000 -1.621027 -0.166036 0.129078 0.000000 -0.101105 -0.058914 -0.069141 0.000000 0.058396 
1.831262 2.060918 0.000000 -1.630535 -0.171725 0.121845 0.000000 -0.095074 -0.056883 -0.072340 0.000000 0.060314 
1.813544 2.072348 0.000000 -1.639420 -0.177183 0.114298 0.000000 -0.088857 -0.054568 -0.075478 0.000000 0.062164 
1.795306 2.082992 0.000000 -1.647667 -0.182378 0.106444 0.000000 -0.082464 -0.051961 -0.078524 0.000000 0.063937 
1.776578 2.092822 0.000000 -1.655257 -0.187283 0.098300 0.000000 -0.075902 -0.049057 -0.081450 0.000000 0.065619 
1.757391 2.101810 0.000000 -1.662175 -0.191868 0.089876 0.000000 -0.069182 -0.045836 -0.084252 0.000000 0.067190 
1.737781 2.109928 0.000000 -1.668407 -0.196098 0.081184 0.000000 -0.062318 -0.042295 -0.086906 0.000000 0.068649 
1.717787 2.117153 0.000000 -1.673939 -0.199943 0.072248 0.000000 -0.055318 -0.038468 -0.089356 0.000000 0.070001 
1.697449 2.123462 0.000000 -1.678758 -0.203382 0.063092 0.000000 -0.048195 -0.034380 -0.091569 0.000000 0.071230 
1.676810 2.128836 0.000000 -1.682855 -0.206385 0.053738 0.000000 -0.040964 -0.030017 -0.093540 0.000000 0.072301 
1.655918 2.133257 0.000000 -1.686219 -0.208923 0.044211 0.000000 -0.033644 -0.025394 -0.095259 0.000000 0.073200 
1.634820 2.136711 0.000000 -1.688844 -0.210980 0.034541 0.000000 -0.026250 -0.020573 -0.096706 0.000000 0.073945 
1.613566 2.139187 0.000000 -1.690724 -0.212540 0.024755 0.000000 -0.018796 -0.015596 -0.097861 0.000000 0.074551 
1.592207 2.140675 0.000000 -1.691853 -0.213588 0.014885 0.000000 -0.011295 -0.010472 -0.098694 0.000000 0.075002 
1.570796 2.141172 0.000000 -1.692230 -0.214111 0.004967 0.000000 -0.003767 -0.005239 -0.099183 0.000000 0.075270 
1.549385 2.140675 0.000000 -1.691853 -0.214108 -0.004967 0.000000 0.003767 0.000027 -0.099342 0.000000 0.075356 
1.528027 2.139187 0.000000 -1.690724 -0.213582 -0.014885 0.000000 0.011295 0.005262 -0.099183 0.000000 0.075270 
1.506773 2.136711 0.000000 -1.688844 -0.212538 -0.024755 0.000000 0.018796 0.010442 -0.098694 0.000000 0.075002 
1.485675 2.133257 0.000000 -1.686219 -0.210983 -0.034541 0.000000 0.026250 0.015560 -0.097861 0.000000 0.074551 
1.464782 2.128836 0.000000 -1.682855 -0.208925 -0.044211 0.000000 0.033644 0.020575 -0.096706 0.000000 0.073945 
1.444144 2.123462 0.000000 -1.678758 -0.206383 -0.053738 0.000000 0.040964 0.025410 -0.095259 0.000000 0.073200 
1.423806 2.117153 0.000000 -1.673939 -0.203382 -0.063092 0.000000 0.048195 0.030008 -0.093540 0.000000 0.072301 
1.403811 2.109928 0.000000 -1.668407 -0.199947 -0.072248 0.000000 0.055318 0.034367 -0.091569 0.000000 0.071230 
1.384201 2.101810 0.000000 -1.662175 -0.196098 -0.081184 0.000000 0.062318 0.038480 -0.089356 0.000000 0.070001 
1.365015 2.092822 0.000000 -1.655257 -0.191866 -0.089876 0.000000 0.069182 0.042305 -0.086906 0.000000 0.068649 
1.346286 2.082992 0.000000 -1.647667 -0.187285 -0.098300 0.000000 0.075902 0.045825 -0.084252 0.000000 0.067190 
1.328048 2.072348 0.000000 -1.639420 -0.182380 -0.106444 0.000000 0.082464 0.049053 -0.081450 0.000000 0.065619 
1.310330 2.060918 0.000000 -1.630535 -0.177181 -0.114298 0.000000 0.088857 0.051980 -0.078524 0.000000 0.063937 
1.293158 2.048733 0.000000 -1.621027 -0.171723 -0.121845 0.000000 0.095074 0.054586 -0.075478 0.000000 0.062164 
1.276554 2.035826 0.000000 -1.610917 -0.166035 -0.129078 0.000000 0.101105 0.056885 -0.072340 0.000000 0.060314 
1.260540 2.022226 0.000000 -1.600222 -0.160144 -0.135993 0.000000 0.106944 0.058900 -0.069141 0.000000 0.058396 
1.245132 2.007968 0.000000 -1.588964 -0.154080 -0.142582 0.000000 0.112586 0.060642 -0.065883 0.000000 0.056416 
1.230345 1.993084 0.000000 -1.577161 -0.147868 -0.148840 0.000000 0.118024 0.062127 -0.062587 0.000000 0.054378 
1.216192 1.977607 0.000000 -1.564836 -0.141530 -0.154769 0.000000 0.123253 0.063368 -0.059292 0.000000 0.052288 
1.202683 1.961570 0.000000 -1.552009 -0.135093 -0.160371 0.000000 0.128269 0.064370 -0.056021 0.000000 0.050163 
1.189825 1.945005 0.000000 -1.538702 -0.128578 -0.165648 0.000000 0.133071 0.065162 -0.052769 0.000000 0.048019 
1.177625 1.927945 0.000000 -1.524936 -0.121999 -0.170602 0.000000 0.137657 0.065785 -0.049535 0.000000 0.045857 
1.166088 1.910421 0.000000 -1.510734 -0.115373 -0.175236 0.000000 0.142025 0.066254 -0.046338 0.000000 0.043682 
1.155216 1.892466 0.000000 -1.496116 -0.108717 -0.179555 0.000000 0.146175 0.066567 -0.043204 0.000000 0.041497 
1.145012 1.874109 0.000000 -1.481106 -0.102042 -0.183569 0.000000 0.150105 0.066743 -0.040122 0.000000 0.039301 
1.135476 1.855381 0.000000 -1.465724 -0.095361 -0.187276 0.000000 0.153815 0.066819 -0.037075 0.000000 0.037100 
1.126608 1.836313 0.000000 -1.449994 -0.088678 -0.190683 0.000000 0.157305 0.066830 -0.034084 0.000000 0.034904 
1.118408 1.816933 0.000000 -1.433936 -0.082000 -0.193801 0.000000 0.160577 0.066779 -0.031178 0.000000 0.032714 
1.110875 1.797269 0.000000 -1.417573 -0.075334 -0.196637 0.000000 0.163629 0.066655 -0.028343 0.000000 0.030530 
1.104006 1.777350 0.000000 -1.400927 -0.068687 -0.199191 0.000000 0.166465 0.066474 -0.025553 0.000000 0.028352 
1.097800 1.757203 0.000000 -1.384018 -0.062060 -0.201472 0.000000 0.169083 0.066270 -0.022813 0.000000 0.026182 
1.092255 1.736854 0.000000 -1.366870 -0.055453 -0.203486 0.000000 0.171485 0.066066 -0.020131 0.000000 0.024023 
1.087368 1.716331 0.000000 -1.349503 -0.048867 -0.205235 0.000000 0.173672 0.065866 -0.017493 0.000000 0.021865 
1.083138 1.695658 0.000000 -1.331938 -0.042300 -0.206726 0.000000 0.175643 0.065668 -0.014898 0.000000 0.019698 
1.079563 1.674862 0.000000 -1.314199 -0.035753 -0.207962 0.000000 0.177396 0.065462 -0.012374 0.000000 0.017553 
1.076640 1.653967 0.000000 -1.296305 -0.029228 -0.208951 0.000000 0.178939 0.065255 -0.009921 0.000000 0.015447 
1.074368 1.632997 0.000000 -1.278278 -0.022720 -0.209700 0.000000 0.180272 0.065081 -0.007439 0.000000 0.013286 
1.072746 1.611978 0.000000 -1.260140 -0.016222 -0.210196 0.000000 0.181381 0.064982 -0.004890 0.000000 0.011028 
1.071774 1.590932 0.000000 -1.241912 -0.009724 -0.210430 0.000000 0.182256 0.064987 -0.002505 0.000000 0.008909 
1.071450 1.569885 0.000000 -1.223616 -0.003217 -0.210475 0.000000 0.182966 0.065074 -0.000437 0.000000 0.007091 
