1.071632 0.508140 0.000000 1.628875 0.001013 -0.023639 0.000000 -0.045867 0.004030 0.001006 0.000000 -0.000175 
1.071774 0.505786 0.000000 1.624287 0.001417 -0.023543 0.000000 -0.045886 0.004045 0.000968 0.000000 -0.000179 
1.071956 0.503441 0.000000 1.619696 0.001822 -0.023447 0.000000 -0.045903 0.004049 0.000964 0.000000 -0.000170 
1.072179 0.501106 0.000000 1.615105 0.002227 -0.023348 0.000000 -0.045916 0.004049 0.000987 0.000000 -0.000142 
1.072442 0.498782 0.000000 1.610512 0.002632 -0.023246 0.000000 -0.045926 0.004058 0.001010 0.000000 -0.000095 
1.072746 0.496467 0.000000 1.605919 0.003040 -0.023145 0.000000 -0.045931 0.004072 0.001028 0.000000 -0.000036 
1.073091 0.494163 0.000000 1.601326 0.003448 -0.023040 0.000000 -0.045928 0.004072 0.001046 0.000000 0.000011 
1.073476 0.491870 0.000000 1.596734 0.003853 -0.022933 0.000000 -0.045926 0.004055 0.001052 0.000000 0.000027 
1.073902 0.489587 0.000000 1.592141 0.004257 -0.022830 0.000000 -0.045923 0.004045 0.001047 0.000000 0.000034 
1.074368 0.487314 0.000000 1.587550 0.004662 -0.022725 0.000000 -0.045916 0.004056 0.001056 0.000000 0.000068 
1.074875 0.485053 0.000000 1.582959 0.005070 -0.022616 0.000000 -0.045904 0.004072 0.001078 0.000000 0.000124 
1.075423 0.482802 0.000000 1.578371 0.005478 -0.022507 0.000000 -0.045886 0.004069 0.001086 0.000000 0.000175 
1.076011 0.480562 0.000000 1.573784 0.005882 -0.022400 0.000000 -0.045865 0.004053 0.001081 0.000000 0.000206 
1.076640 0.478333 0.000000 1.569200 0.006287 -0.022291 0.000000 -0.045843 0.004054 0.001087 0.000000 0.000224 
1.077309 0.476115 0.000000 1.564618 0.006695 -0.022180 0.000000 -0.045819 0.004077 0.001107 0.000000 0.000241 
1.078020 0.473908 0.000000 1.560039 0.007105 -0.022067 0.000000 -0.045792 0.004090 0.001131 0.000000 0.000277 
1.078771 0.471713 0.000000 1.555463 0.007513 -0.021953 0.000000 -0.045758 0.004075 0.001139 0.000000 0.000337 
1.079563 0.469529 0.000000 1.550891 0.007918 -0.021840 0.000000 -0.045718 0.004062 0.001129 0.000000 0.000391 
1.080395 0.467356 0.000000 1.546324 0.008325 -0.021728 0.000000 -0.045676 0.004072 0.001126 0.000000 0.000411 
1.081269 0.465195 0.000000 1.541760 0.008735 -0.021613 0.000000 -0.045636 0.004086 0.001151 0.000000 0.000425 
1.082183 0.463045 0.000000 1.537201 0.009143 -0.021494 0.000000 -0.045589 0.004084 0.001182 0.000000 0.000472 
1.083138 0.460908 0.000000 1.532648 0.009550 -0.021375 0.000000 -0.045534 0.004082 0.001181 0.000000 0.000533 
1.084134 0.458782 0.000000 1.528100 0.009960 -0.021260 0.000000 -0.045477 0.004091 0.001159 0.000000 0.000563 
1.085171 0.456667 0.000000 1.523558 0.010370 -0.021145 0.000000 -0.045421 0.004098 0.001166 0.000000 0.000571 
1.086249 0.454565 0.000000 1.519022 0.010780 -0.021023 0.000000 -0.045362 0.004101 0.001205 0.000000 0.000598 
1.087368 0.452475 0.000000 1.514492 0.011190 -0.020900 0.000000 -0.045296 0.004111 0.001227 0.000000 0.000658 
1.088528 0.450397 0.000000 1.509970 0.011603 -0.020779 0.000000 -0.045223 0.004120 0.001212 0.000000 0.000719 
1.089730 0.448331 0.000000 1.505455 0.012015 -0.020660 0.000000 -0.045148 0.004111 0.001190 0.000000 0.000747 
1.090972 0.446277 0.000000 1.500948 0.012423 -0.020541 0.000000 -0.045073 0.004096 0.001197 0.000000 0.000754 
1.092255 0.444235 0.000000 1.496448 0.012833 -0.020418 0.000000 -0.044996 0.004096 0.001236 0.000000 0.000782 
1.093580 0.442206 0.000000 1.491957 0.013244 -0.020290 0.000000 -0.044911 0.004106 0.001272 0.000000 0.000839 
1.094945 0.440190 0.000000 1.487475 0.013655 -0.020162 0.000000 -0.044821 0.004113 0.001266 0.000000 0.000896 
1.096352 0.438186 0.000000 1.483002 0.014067 -0.020040 0.000000 -0.044728 0.004128 0.001233 0.000000 0.000939 
1.097800 0.436194 0.000000 1.478539 0.014482 -0.019918 0.000000 -0.044631 0.004149 0.001229 0.000000 0.000972 
1.099290 0.434215 0.000000 1.474086 0.014898 -0.019791 0.000000 -0.044531 0.004148 0.001266 0.000000 0.000999 
1.100821 0.432249 0.000000 1.469643 0.015310 -0.019660 0.000000 -0.044428 0.004120 0.001301 0.000000 0.001020 
1.102393 0.430296 0.000000 1.465211 0.015719 -0.019530 0.000000 -0.044324 0.004104 0.001300 0.000000 0.001051 
1.104006 0.428356 0.000000 1.460789 0.016132 -0.019402 0.000000 -0.044214 0.004131 0.001280 0.000000 0.001106 
1.105661 0.426428 0.000000 1.456380 0.016550 -0.019275 0.000000 -0.044096 0.004168 0.001275 0.000000 0.001167 
1.107358 0.424514 0.000000 1.451982 0.016968 -0.019146 0.000000 -0.043975 0.004165 0.001290 0.000000 0.001205 
1.109096 0.422612 0.000000 1.447597 0.017380 -0.019015 0.000000 -0.043853 0.004137 0.001308 0.000000 0.001222 
1.110875 0.420724 0.000000 1.443224 0.017793 -0.018883 0.000000 -0.043729 0.004137 0.001320 0.000000 0.001251 
1.112696 0.418849 0.000000 1.438864 0.018210 -0.018750 0.000000 -0.043598 0.004160 0.001328 0.000000 0.001308 
1.114559 0.416987 0.000000 1.434518 0.018627 -0.018617 0.000000 -0.043461 0.004161 0.001335 0.000000 0.001367 
1.116463 0.415139 0.000000 1.430186 0.019040 -0.018483 0.000000 -0.043321 0.004146 0.001333 0.000000 0.001394 
1.118408 0.413304 0.000000 1.425868 0.019455 -0.018350 0.000000 -0.043181 0.004156 0.001328 0.000000 0.001408 
1.120396 0.411482 0.000000 1.421564 0.019875 -0.018217 0.000000 -0.043036 0.004178 0.001339 0.000000 0.001451 
1.122425 0.409674 0.000000 1.417276 0.020292 -0.018080 0.000000 -0.042884 0.004177 0.001364 0.000000 0.001522 
1.124496 0.407880 0.000000 1.413003 0.020708 -0.017942 0.000000 -0.042725 0.004168 0.001371 0.000000 0.001574 
1.126608 0.406099 0.000000 1.408747 0.021125 -0.017807 0.000000 -0.042566 0.004174 0.001356 0.000000 0.001592 
1.128763 0.404332 0.000000 1.404506 0.021544 -0.017673 0.000000 -0.042406 0.004177 0.001351 0.000000 0.001617 
1.130959 0.402578 0.000000 1.400282 0.021960 -0.017535 0.000000 -0.042238 0.004165 0.001372 0.000000 0.001675 
1.133196 0.400839 0.000000 1.396076 0.022376 -0.017395 0.000000 -0.042064 0.004162 0.001396 0.000000 0.001733 
1.135476 0.399113 0.000000 1.391887 0.022794 -0.017255 0.000000 -0.041888 0.004174 0.001403 0.000000 0.001758 
1.137797 0.397402 0.000000 1.387716 0.023212 -0.017115 0.000000 -0.041711 0.004185 0.001403 0.000000 0.001777 
1.140160 0.395704 0.000000 1.383563 0.023631 -0.016975 0.000000 -0.041529 0.004189 0.001407 0.000000 0.001828 
1.142565 0.394021 0.000000 1.379429 0.024050 -0.016833 0.000000 -0.041338 0.004186 0.001408 0.000000 0.001896 
1.145012 0.392352 0.000000 1.375315 0.024467 -0.016693 0.000000 -0.041144 0.004171 0.001406 0.000000 0.001940 
1.147500 0.390696 0.000000 1.371220 0.024882 -0.016552 0.000000 -0.040948 0.004162 0.001415 0.000000 0.001964 
1.150030 0.389056 0.000000 1.367145 0.025300 -0.016408 0.000000 -0.040748 0.004176 0.001428 0.000000 0.002003 
1.152602 0.387429 0.000000 1.363091 0.025720 -0.016265 0.000000 -0.040542 0.004188 0.001429 0.000000 0.002058 
1.155216 0.385817 0.000000 1.359058 0.026138 -0.016123 0.000000 -0.040331 0.004174 0.001431 0.000000 0.002110 
1.157871 0.384219 0.000000 1.355046 0.026552 -0.015978 0.000000 -0.040116 0.004162 0.001453 0.000000 0.002154 
1.160568 0.382636 0.000000 1.351057 0.026970 -0.015830 0.000000 -0.039896 0.004178 0.001472 0.000000 0.002194 
1.163307 0.381068 0.000000 1.347089 0.027390 -0.015683 0.000000 -0.039673 0.004193 0.001461 0.000000 0.002229 
1.166088 0.379514 0.000000 1.343145 0.027808 -0.015540 0.000000 -0.039447 0.004169 0.001443 0.000000 0.002266 
1.168910 0.377974 0.000000 1.339223 0.028220 -0.015395 0.000000 -0.039216 0.004132 0.001453 0.000000 0.002314 
1.171773 0.376450 0.000000 1.335325 0.028632 -0.015246 0.000000 -0.038978 0.004134 0.001478 0.000000 0.002366 
1.174678 0.374940 0.000000 1.331452 0.029050 -0.015097 0.000000 -0.038737 0.004163 0.001486 0.000000 0.002409 
1.177625 0.373445 0.000000 1.327602 0.029467 -0.014950 0.000000 -0.038493 0.004166 0.001485 0.000000 0.002455 
1.180613 0.371965 0.000000 1.323778 0.029880 -0.014800 0.000000 -0.038241 0.004142 0.001491 0.000000 0.002513 
1.183642 0.370500 0.000000 1.319980 0.030293 -0.014650 0.000000 -0.037984 0.004130 0.001498 0.000000 0.002563 
1.186713 0.369050 0.000000 1.316207 0.030707 -0.014500 0.000000 -0.037725 0.004134 0.001502 0.000000 0.002592 
1.189825 0.367615 0.000000 1.312461 0.031120 -0.014350 0.000000 -0.037464 0.004127 0.001509 0.000000 0.002621 
1.192978 0.366195 0.000000 1.308741 0.031530 -0.014197 0.000000 -0.037196 0.004110 0.001516 0.000000 0.002666 
1.196172 0.364791 0.000000 1.305049 0.031940 -0.014046 0.000000 -0.036924 0.004100 0.001514 0.000000 0.002726 
1.199407 0.363401 0.000000 1.301384 0.032350 -0.013895 0.000000 -0.036646 0.004090 0.001522 0.000000 0.002789 
1.202683 0.362027 0.000000 1.297748 0.032757 -0.013740 0.000000 -0.036361 0.004073 0.001546 0.000000 0.002837 
1.205999 0.360669 0.000000 1.294141 0.033163 -0.013583 0.000000 -0.036074 0.004064 0.001558 0.000000 0.002864 
1.209356 0.359326 0.000000 1.290562 0.033570 -0.013429 0.000000 -0.035786 0.004068 0.001541 0.000000 0.002903 
1.212754 0.357998 0.000000 1.287013 0.033977 -0.013277 0.000000 -0.035488 0.004063 0.001526 0.000000 0.002969 
1.216192 0.356686 0.000000 1.283495 0.034381 -0.013123 0.000000 -0.035184 0.004044 0.001538 0.000000 0.003022 
1.219670 0.355389 0.000000 1.280007 0.034783 -0.012967 0.000000 -0.034881 0.004025 0.001561 0.000000 0.003048 
1.223189 0.354108 0.000000 1.276549 0.035185 -0.012810 0.000000 -0.034573 0.004008 0.001570 0.000000 0.003085 
1.226747 0.352843 0.000000 1.273124 0.035583 -0.012653 0.000000 -0.034257 0.003988 0.001564 0.000000 0.003150 
1.230345 0.351593 0.000000 1.269730 0.035980 -0.012497 0.000000 -0.033936 0.003976 0.001571 0.000000 0.003212 
1.233983 0.350359 0.000000 1.266369 0.036378 -0.012337 0.000000 -0.033611 0.003972 0.001596 0.000000 0.003256 
1.237660 0.349142 0.000000 1.263041 0.036774 -0.012175 0.000000 -0.033281 0.003954 0.001607 0.000000 0.003292 
1.241377 0.347940 0.000000 1.259746 0.037165 -0.012017 0.000000 -0.032948 0.003914 0.001592 0.000000 0.003330 
1.245132 0.346754 0.000000 1.256485 0.037553 -0.011860 0.000000 -0.032611 0.003884 0.001579 0.000000 0.003373 
1.248926 0.345584 0.000000 1.253258 0.037941 -0.011700 0.000000 -0.032269 0.003886 0.001586 0.000000 0.003423 
1.252759 0.344430 0.000000 1.250066 0.038331 -0.011540 0.000000 -0.031921 0.003885 0.001598 0.000000 0.003475 
1.256631 0.343292 0.000000 1.246909 0.038716 -0.011380 0.000000 -0.031569 0.003844 0.001610 0.000000 0.003525 
1.260540 0.342170 0.000000 1.243788 0.039093 -0.011217 0.000000 -0.031211 0.003793 0.001627 0.000000 0.003575 
1.264487 0.341065 0.000000 1.240703 0.039471 -0.011053 0.000000 -0.030849 0.003777 0.001637 0.000000 0.003628 
1.268472 0.339976 0.000000 1.237655 0.039850 -0.010890 0.000000 -0.030481 0.003779 0.001636 0.000000 0.003677 
1.272495 0.338903 0.000000 1.234644 0.040226 -0.010727 0.000000 -0.030109 0.003757 0.001633 0.000000 0.003716 
1.276554 0.337847 0.000000 1.231671 0.040596 -0.010563 0.000000 -0.029734 0.003719 0.001631 0.000000 0.003756 
1.280651 0.336807 0.000000 1.228735 0.040966 -0.010400 0.000000 -0.029353 0.003686 0.001628 0.000000 0.003809 
1.284784 0.335783 0.000000 1.225839 0.041331 -0.010237 0.000000 -0.028966 0.003649 0.001639 0.000000 0.003864 
1.288953 0.334776 0.000000 1.222981 0.041691 -0.010070 0.000000 -0.028576 0.003604 0.001664 0.000000 0.003900 
1.293158 0.333786 0.000000 1.220163 0.042048 -0.009902 0.000000 -0.028184 0.003571 0.001674 0.000000 0.003929 
1.297398 0.332812 0.000000 1.217384 0.042403 -0.009737 0.000000 -0.027786 0.003556 0.001659 0.000000 0.003978 
1.301674 0.331855 0.000000 1.214646 0.042758 -0.009573 0.000000 -0.027381 0.003540 0.001643 0.000000 0.004043 
1.305985 0.330914 0.000000 1.211949 0.043108 -0.009408 0.000000 -0.026971 0.003508 0.001650 0.000000 0.004097 
1.310330 0.329990 0.000000 1.209293 0.043454 -0.009240 0.000000 -0.026558 0.003463 0.001675 0.000000 0.004136 
1.314710 0.329083 0.000000 1.206679 0.043796 -0.009070 0.000000 -0.026141 0.003408 0.001700 0.000000 0.004174 
1.319123 0.328193 0.000000 1.204107 0.044131 -0.008899 0.000000 -0.025719 0.003350 0.001706 0.000000 0.004214 
1.323569 0.327320 0.000000 1.201578 0.044461 -0.008730 0.000000 -0.025294 0.003309 0.001691 0.000000 0.004259 
1.328048 0.326464 0.000000 1.199091 0.044790 -0.008563 0.000000 -0.024863 0.003295 0.001679 0.000000 0.004308 
1.332560 0.325624 0.000000 1.196649 0.045119 -0.008395 0.000000 -0.024427 0.003275 0.001689 0.000000 0.004353 
1.337104 0.324802 0.000000 1.194250 0.045441 -0.008223 0.000000 -0.023988 0.003224 0.001703 0.000000 0.004392 
1.341680 0.323997 0.000000 1.191895 0.045756 -0.008053 0.000000 -0.023545 0.003158 0.001697 0.000000 0.004433 
1.346286 0.323208 0.000000 1.189586 0.046067 -0.007885 0.000000 -0.023097 0.003102 0.001695 0.000000 0.004475 
1.350924 0.322437 0.000000 1.187321 0.046373 -0.007713 0.000000 -0.022646 0.003056 0.001719 0.000000 0.004513 
1.355591 0.321683 0.000000 1.185102 0.046674 -0.007538 0.000000 -0.022191 0.003016 0.001739 0.000000 0.004558 
1.360288 0.320947 0.000000 1.182929 0.046972 -0.007365 0.000000 -0.021729 0.002980 0.001728 0.000000 0.004611 
1.365015 0.320227 0.000000 1.180803 0.047266 -0.007195 0.000000 -0.021263 0.002933 0.001712 0.000000 0.004654 
1.369770 0.319525 0.000000 1.178723 0.047552 -0.007023 0.000000 -0.020795 0.002864 0.001722 0.000000 0.004683 
1.374553 0.318840 0.000000 1.176691 0.047831 -0.006848 0.000000 -0.020324 0.002795 0.001736 0.000000 0.004715 
1.379364 0.318173 0.000000 1.174706 0.048106 -0.006675 0.000000 -0.019848 0.002748 0.001733 0.000000 0.004758 
1.384201 0.317522 0.000000 1.172769 0.048377 -0.006503 0.000000 -0.019368 0.002712 0.001732 0.000000 0.004802 
1.389066 0.316890 0.000000 1.170881 0.048644 -0.006328 0.000000 -0.018884 0.002658 0.001745 0.000000 0.004833 
1.393956 0.316274 0.000000 1.169041 0.048902 -0.006152 0.000000 -0.018399 0.002580 0.001752 0.000000 0.004864 
1.398871 0.315677 0.000000 1.167250 0.049152 -0.005978 0.000000 -0.017908 0.002511 0.001739 0.000000 0.004911 
1.403811 0.315096 0.000000 1.165509 0.049399 -0.005806 0.000000 -0.017411 0.002466 0.001735 0.000000 0.004954 
1.408775 0.314533 0.000000 1.163818 0.049641 -0.005630 0.000000 -0.016914 0.002421 0.001761 0.000000 0.004974 
1.413763 0.313988 0.000000 1.162176 0.049877 -0.005450 0.000000 -0.016415 0.002355 0.001785 0.000000 0.004996 
1.418773 0.313461 0.000000 1.160585 0.050104 -0.005272 0.000000 -0.015911 0.002283 0.001769 0.000000 0.005042 
1.423806 0.312951 0.000000 1.159045 0.050326 -0.005100 0.000000 -0.015401 0.002219 0.001742 0.000000 0.005087 
1.428860 0.312458 0.000000 1.157556 0.050542 -0.004925 0.000000 -0.014891 0.002152 0.001753 0.000000 0.005108 
1.433935 0.311984 0.000000 1.156118 0.050749 -0.004745 0.000000 -0.014378 0.002072 0.001782 0.000000 0.005132 
1.439030 0.311527 0.000000 1.154732 0.050948 -0.004567 0.000000 -0.013861 0.001996 0.001781 0.000000 0.005175 
1.444144 0.311088 0.000000 1.153398 0.051142 -0.004392 0.000000 -0.013338 0.001942 0.001755 0.000000 0.005213 
1.449277 0.310666 0.000000 1.152117 0.051332 -0.004218 0.000000 -0.012816 0.001890 0.001747 0.000000 0.005229 
1.454429 0.310262 0.000000 1.150887 0.051514 -0.004041 0.000000 -0.012292 0.001811 0.001771 0.000000 0.005246 
1.459597 0.309876 0.000000 1.149711 0.051684 -0.003860 0.000000 -0.011764 0.001720 0.001800 0.000000 0.005274 
1.464782 0.309508 0.000000 1.148588 0.051849 -0.003679 0.000000 -0.011234 0.001655 0.001810 0.000000 0.005303 
1.469983 0.309158 0.000000 1.147517 0.052011 -0.003500 0.000000 -0.010702 0.001605 0.001793 0.000000 0.005327 
1.475200 0.308826 0.000000 1.146501 0.052164 -0.003323 0.000000 -0.010166 0.001532 0.001767 0.000000 0.005342 
1.480430 0.308511 0.000000 1.145538 0.052308 -0.003148 0.000000 -0.009631 0.001441 0.001767 0.000000 0.005353 
1.485675 0.308214 0.000000 1.144628 0.052444 -0.002967 0.000000 -0.009095 0.001356 0.001795 0.000000 0.005380 
1.490932 0.307936 0.000000 1.143773 0.052572 -0.002785 0.000000 -0.008551 0.001283 0.001808 0.000000 0.005422 
1.496201 0.307675 0.000000 1.142973 0.052693 -0.002607 0.000000 -0.008006 0.001211 0.001792 0.000000 0.005448 
1.501482 0.307432 0.000000 1.142226 0.052806 -0.002430 0.000000 -0.007462 0.001125 0.001779 0.000000 0.005452 
1.506773 0.307207 0.000000 1.141535 0.052909 -0.002251 0.000000 -0.006916 0.001033 0.001788 0.000000 0.005459 
1.512073 0.307000 0.000000 1.140898 0.053004 -0.002070 0.000000 -0.006368 0.000965 0.001802 0.000000 0.005470 
1.517383 0.306811 0.000000 1.140316 0.053097 -0.001890 0.000000 -0.005820 0.000915 0.001807 0.000000 0.005481 
1.522701 0.306640 0.000000 1.139789 0.053182 -0.001709 0.000000 -0.005271 0.000839 0.001803 0.000000 0.005501 
1.528027 0.306487 0.000000 1.139317 0.053254 -0.001530 0.000000 -0.004717 0.000734 0.001789 0.000000 0.005528 
1.533358 0.306352 0.000000 1.138901 0.053318 -0.001353 0.000000 -0.004163 0.000645 0.001776 0.000000 0.005540 
1.538696 0.306234 0.000000 1.138540 0.053377 -0.001175 0.000000 -0.003610 0.000577 0.001787 0.000000 0.005534 
1.544039 0.306135 0.000000 1.138234 0.053427 -0.000993 0.000000 -0.003057 0.000495 0.001813 0.000000 0.005530 
1.549385 0.306054 0.000000 1.137984 0.053465 -0.000810 0.000000 -0.002503 0.000396 0.001824 0.000000 0.005539 
1.554735 0.305991 0.000000 1.137789 0.053496 -0.000629 0.000000 -0.001948 0.000313 0.001811 0.000000 0.005550 
1.560087 0.305946 0.000000 1.137650 0.053522 -0.000450 0.000000 -0.001392 0.000248 0.001797 0.000000 0.005561 
1.565441 0.305919 0.000000 1.137566 0.053540 -0.000270 0.000000 -0.000835 0.000180 0.001797 0.000000 0.005569 
1.570796 0.305910 0.000000 1.137539 0.053549 -0.000090 0.000000 -0.000278 0.000099 0.001800 0.000000 0.005568 
1.576151 0.305919 0.000000 1.137566 0.053550 0.000090 0.000000 0.000278 0.000009 0.001802 0.000000 0.005566 
1.581505 0.305946 0.000000 1.137650 0.053542 0.000270 0.000000 0.000835 -0.000087 0.001800 0.000000 0.005568 
1.586858 0.305991 0.000000 1.137789 0.053524 0.000450 0.000000 0.001392 -0.000179 0.001797 0.000000 0.005569 
1.592207 0.306054 0.000000 1.137984 0.053498 0.000629 0.000000 0.001948 -0.000253 0.001797 0.000000 0.005561 
1.597554 0.306135 0.000000 1.138234 0.053467 0.000810 0.000000 0.002503 -0.000319 0.001811 0.000000 0.005550 
1.602897 0.306234 0.000000 1.138540 0.053427 0.000993 0.000000 0.003057 -0.000406 0.001824 0.000000 0.005539 
1.608234 0.306352 0.000000 1.138901 0.053375 0.001175 0.000000 0.003610 -0.000505 0.001813 0.000000 0.005530 
1.613566 0.306487 0.000000 1.139317 0.053316 0.001353 0.000000 0.004163 -0.000587 0.001787 0.000000 0.005534 
1.618891 0.306640 0.000000 1.139789 0.053252 0.001530 0.000000 0.004717 -0.000651 0.001776 0.000000 0.005540 
1.624209 0.306811 0.000000 1.140316 0.053180 0.001709 0.000000 0.005271 -0.000721 0.001789 0.000000 0.005528 
1.629519 0.307000 0.000000 1.140898 0.053099 0.001890 0.000000 0.005820 -0.000805 0.001803 0.000000 0.005501 
1.634820 0.307207 0.000000 1.141535 0.053010 0.002070 0.000000 0.006368 -0.000892 0.001807 0.000000 0.005481 
1.640111 0.307432 0.000000 1.142226 0.052912 0.002251 0.000000 0.006916 -0.000975 0.001802 0.000000 0.005470 
1.645392 0.307675 0.000000 1.142973 0.052807 0.002430 0.000000 0.007462 -0.001061 0.001788 0.000000 0.005459 
1.650661 0.307936 0.000000 1.143773 0.052692 0.002607 0.000000 0.008006 -0.001146 0.001779 0.000000 0.005452 
1.655918 0.308214 0.000000 1.144628 0.052569 0.002785 0.000000 0.008551 -0.001218 0.001792 0.000000 0.005448 
1.661162 0.308511 0.000000 1.145538 0.052442 0.002967 0.000000 0.009095 -0.001281 0.001808 0.000000 0.005422 
1.666393 0.308826 0.000000 1.146501 0.052307 0.003148 0.000000 0.009631 -0.001356 0.001795 0.000000 0.005380 
1.671609 0.309158 0.000000 1.147517 0.052162 0.003323 0.000000 0.010166 -0.001444 0.001767 0.000000 0.005353 
1.676810 0.309508 0.000000 1.148588 0.052009 0.003500 0.000000 0.010702 -0.001522 0.001767 0.000000 0.005342 
1.681995 0.309876 0.000000 1.149711 0.051851 0.003679 0.000000 0.011234 -0.001583 0.001793 0.000000 0.005327 
1.687164 0.310262 0.000000 1.150887 0.051687 0.003860 0.000000 0.011764 -0.001645 0.001810 0.000000 0.005303 
1.692315 0.310666 0.000000 1.152117 0.051515 0.004041 0.000000 0.012292 -0.001722 0.001800 0.000000 0.005274 
1.697449 0.311088 0.000000 1.153398 0.051334 0.004218 0.000000 0.012816 -0.001810 0.001771 0.000000 0.005246 
1.702563 0.311527 0.000000 1.154732 0.051144 0.004392 0.000000 0.013338 -0.001889 0.001747 0.000000 0.005229 
1.707658 0.311984 0.000000 1.156118 0.050949 0.004567 0.000000 0.013861 -0.001953 0.001755 0.000000 0.005213 
1.712733 0.312458 0.000000 1.157556 0.050749 0.004745 0.000000 0.014378 -0.002015 0.001781 0.000000 0.005175 
1.717787 0.312951 0.000000 1.159045 0.050540 0.004925 0.000000 0.014891 -0.002083 0.001782 0.000000 0.005132 
1.722819 0.313461 0.000000 1.160585 0.050325 0.005100 0.000000 0.015401 -0.002153 0.001753 0.000000 0.005108 
1.727830 0.313988 0.000000 1.162176 0.050103 0.005272 0.000000 0.015911 -0.002219 0.001742 0.000000 0.005087 
1.732817 0.314533 0.000000 1.163818 0.049874 0.005450 0.000000 0.016415 -0.002275 0.001769 0.000000 0.005042 
1.737781 0.315096 0.000000 1.165509 0.049642 0.005630 0.000000 0.016914 -0.002327 0.001785 0.000000 0.004996 
1.742722 0.315677 0.000000 1.167250 0.049404 0.005806 0.000000 0.017411 -0.002397 0.001761 0.000000 0.004974 
1.747637 0.316274 0.000000 1.169041 0.049154 0.005978 0.000000 0.017908 -0.002483 0.001735 0.000000 0.004954 
1.752527 0.316890 0.000000 1.170881 0.048899 0.006152 0.000000 0.018399 -0.002548 0.001739 0.000000 0.004911 
1.757391 0.317522 0.000000 1.172769 0.048641 0.006328 0.000000 0.018884 -0.002582 0.001752 0.000000 0.004864 
1.762229 0.318173 0.000000 1.174706 0.048379 0.006503 0.000000 0.019368 -0.002626 0.001745 0.000000 0.004833 
1.767040 0.318840 0.000000 1.176691 0.048109 0.006675 0.000000 0.019848 -0.002700 0.001732 0.000000 0.004802 
1.771823 0.319525 0.000000 1.178723 0.047831 0.006848 0.000000 0.020324 -0.002773 0.001733 0.000000 0.004758 
1.776578 0.320227 0.000000 1.180803 0.047549 0.007023 0.000000 0.020795 -0.002819 0.001736 0.000000 0.004715 
1.781304 0.320947 0.000000 1.182929 0.047264 0.007195 0.000000 0.021263 -0.002857 0.001722 0.000000 0.004683 
1.786002 0.321683 0.000000 1.185102 0.046973 0.007365 0.000000 0.021729 -0.002916 0.001712 0.000000 0.004654 
1.790669 0.322437 0.000000 1.187321 0.046674 0.007538 0.000000 0.022191 -0.002978 0.001728 0.000000 0.004611 
1.795306 0.323208 0.000000 1.189586 0.046372 0.007713 0.000000 0.022646 -0.003017 0.001739 0.000000 0.004558 
1.799913 0.323997 0.000000 1.191895 0.046068 0.007885 0.000000 0.023097 -0.003056 0.001719 0.000000 0.004513 
1.804489 0.324802 0.000000 1.194250 0.045756 0.008053 0.000000 0.023545 -0.003119 0.001695 0.000000 0.004475 
1.809032 0.325624 0.000000 1.196649 0.045437 0.008223 0.000000 0.023988 -0.003170 0.001697 0.000000 0.004433 
1.813544 0.326464 0.000000 1.199091 0.045118 0.008395 0.000000 0.024427 -0.003197 0.001703 0.000000 0.004392 
1.818024 0.327320 0.000000 1.201578 0.044796 0.008563 0.000000 0.024863 -0.003240 0.001689 0.000000 0.004353 
1.822470 0.328193 0.000000 1.204107 0.044464 0.008730 0.000000 0.025294 -0.003303 0.001679 0.000000 0.004308 
1.826883 0.329083 0.000000 1.206679 0.044129 0.008899 0.000000 0.025719 -0.003345 0.001691 0.000000 0.004259 
1.831262 0.329990 0.000000 1.209293 0.043793 0.009070 0.000000 0.026141 -0.003368 0.001706 0.000000 0.004214 
1.835608 0.330914 0.000000 1.211949 0.043453 0.009240 0.000000 0.026558 -0.003405 0.001700 0.000000 0.004174 
1.839918 0.331855 0.000000 1.214646 0.043106 0.009408 0.000000 0.026971 -0.003451 0.001675 0.000000 0.004136 
1.844194 0.332812 0.000000 1.217384 0.042758 0.009573 0.000000 0.027381 -0.003483 0.001650 0.000000 0.004097 
1.848435 0.333786 0.000000 1.220163 0.042408 0.009737 0.000000 0.027786 -0.003515 0.001643 0.000000 0.004043 
1.852640 0.334776 0.000000 1.222981 0.042051 0.009902 0.000000 0.028184 -0.003561 0.001659 0.000000 0.003978 
1.856809 0.335783 0.000000 1.225839 0.041691 0.010070 0.000000 0.028576 -0.003603 0.001674 0.000000 0.003929 
1.860942 0.336807 0.000000 1.228735 0.041328 0.010237 0.000000 0.028966 -0.003628 0.001664 0.000000 0.003900 
1.865038 0.337847 0.000000 1.231671 0.040963 0.010400 0.000000 0.029353 -0.003651 0.001639 0.000000 0.003864 
1.869098 0.338903 0.000000 1.234644 0.040595 0.010563 0.000000 0.029734 -0.003682 0.001628 0.000000 0.003809 
1.873120 0.339976 0.000000 1.237655 0.040224 0.010727 0.000000 0.030109 -0.003708 0.001631 0.000000 0.003756 
1.877105 0.341065 0.000000 1.240703 0.039851 0.010890 0.000000 0.030481 -0.003731 0.001633 0.000000 0.003716 
1.881053 0.342170 0.000000 1.243788 0.039475 0.011053 0.000000 0.030849 -0.003769 0.001636 0.000000 0.003677 
1.884962 0.343292 0.000000 1.246909 0.039093 0.011217 0.000000 0.031211 -0.003806 0.001637 0.000000 0.003628 
1.888833 0.344430 0.000000 1.250066 0.038711 0.011380 0.000000 0.031569 -0.003816 0.001627 0.000000 0.003575 
1.892666 0.345584 0.000000 1.253258 0.038331 0.011540 0.000000 0.031921 -0.003821 0.001610 0.000000 0.003525 
1.896461 0.346754 0.000000 1.256485 0.037945 0.011700 0.000000 0.032269 -0.003855 0.001598 0.000000 0.003475 
1.900216 0.347940 0.000000 1.259746 0.037554 0.011860 0.000000 0.032611 -0.003896 0.001586 0.000000 0.003423 
1.903932 0.349142 0.000000 1.263041 0.037163 0.012017 0.000000 0.032948 -0.003914 0.001579 0.000000 0.003373 
1.907610 0.350359 0.000000 1.266369 0.036772 0.012175 0.000000 0.033281 -0.003924 0.001592 0.000000 0.003330 
1.911247 0.351593 0.000000 1.269730 0.036376 0.012337 0.000000 0.033611 -0.003942 0.001607 0.000000 0.003292 
1.914845 0.352843 0.000000 1.273124 0.035981 0.012497 0.000000 0.033936 -0.003958 0.001596 0.000000 0.003256 
1.918404 0.354108 0.000000 1.276549 0.035584 0.012653 0.000000 0.034257 -0.003974 0.001571 0.000000 0.003212 
1.921922 0.355389 0.000000 1.280007 0.035184 0.012810 0.000000 0.034573 -0.003992 0.001564 0.000000 0.003150 
1.925400 0.356686 0.000000 1.283495 0.034783 0.012967 0.000000 0.034881 -0.004007 0.001570 0.000000 0.003085 
1.928839 0.357998 0.000000 1.287013 0.034382 0.013123 0.000000 0.035184 -0.004027 0.001561 0.000000 0.003048 
1.932236 0.359326 0.000000 1.290562 0.033976 0.013277 0.000000 0.035488 -0.004047 0.001538 0.000000 0.003022 
1.935593 0.360669 0.000000 1.294141 0.033570 0.013429 0.000000 0.035786 -0.004049 0.001526 0.000000 0.002969 
1.938910 0.362027 0.000000 1.297748 0.033167 0.013583 0.000000 0.036074 -0.004046 0.001541 0.000000 0.002903 
1.942186 0.363401 0.000000 1.301384 0.032761 0.013740 0.000000 0.036361 -0.004065 0.001558 0.000000 0.002864 
1.945421 0.364791 0.000000 1.305049 0.032350 0.013895 0.000000 0.036646 -0.004092 0.001546 0.000000 0.002837 
1.948615 0.366195 0.000000 1.308741 0.031940 0.014046 0.000000 0.036924 -0.004106 0.001522 0.000000 0.002789 
1.951768 0.367615 0.000000 1.312461 0.031530 0.014197 0.000000 0.037196 -0.004111 0.001514 0.000000 0.002726 
1.954880 0.369050 0.000000 1.316207 0.031117 0.014350 0.000000 0.037464 -0.004115 0.001516 0.000000 0.002666 
1.957950 0.370500 0.000000 1.319980 0.030706 0.014500 0.000000 0.037725 -0.004114 0.001509 0.000000 0.002621 
1.960980 0.371965 0.000000 1.323778 0.030295 0.014650 0.000000 0.037984 -0.004123 0.001502 0.000000 0.002592 
1.963968 0.373445 0.000000 1.327602 0.029880 0.014800 0.000000 0.038241 -0.004147 0.001498 0.000000 0.002563 
1.966914 0.374940 0.000000 1.331452 0.029463 0.014950 0.000000 0.038493 -0.004154 0.001491 0.000000 0.002513 
1.969819 0.376450 0.000000 1.335325 0.029050 0.015097 0.000000 0.038737 -0.004139 0.001485 0.000000 0.002455 
1.972683 0.377974 0.000000 1.339223 0.028637 0.015246 0.000000 0.038978 -0.004138 0.001486 0.000000 0.002409 
1.975505 0.379514 0.000000 1.343145 0.028220 0.015395 0.000000 0.039216 -0.004161 0.001478 0.000000 0.002366 
1.978285 0.381068 0.000000 1.347089 0.027802 0.015540 0.000000 0.039447 -0.004170 0.001453 0.000000 0.002314 
1.981024 0.382636 0.000000 1.351057 0.027387 0.015683 0.000000 0.039673 -0.004157 0.001443 0.000000 0.002266 
1.983721 0.384219 0.000000 1.355046 0.026973 0.015830 0.000000 0.039896 -0.004157 0.001461 0.000000 0.002229 
1.986377 0.385817 0.000000 1.359058 0.026555 0.015978 0.000000 0.040116 -0.004176 0.001472 0.000000 0.002194 
1.988990 0.387429 0.000000 1.363091 0.026135 0.016123 0.000000 0.040331 -0.004180 0.001453 0.000000 0.002154 
1.991562 0.389056 0.000000 1.367145 0.025720 0.016265 0.000000 0.040542 -0.004162 0.001431 0.000000 0.002110 
1.994093 0.390696 0.000000 1.371220 0.025305 0.016408 0.000000 0.040748 -0.004162 0.001429 0.000000 0.002058 
1.996581 0.392352 0.000000 1.375315 0.024885 0.016552 0.000000 0.040948 -0.004188 0.001428 0.000000 0.002003 
1.999028 0.394021 0.000000 1.379429 0.024465 0.016693 0.000000 0.041144 -0.004195 0.001415 0.000000 0.001964 
2.001432 0.395704 0.000000 1.383563 0.024048 0.016833 0.000000 0.041338 -0.004176 0.001406 0.000000 0.001940 
2.003796 0.397402 0.000000 1.387716 0.023632 0.016975 0.000000 0.041529 -0.004169 0.001408 0.000000 0.001896 
2.006117 0.399113 0.000000 1.391887 0.023213 0.017115 0.000000 0.041711 -0.004184 0.001407 0.000000 0.001828 
2.008396 0.400839 0.000000 1.396076 0.022793 0.017255 0.000000 0.041888 -0.004189 0.001403 0.000000 0.001777 
2.010634 0.402578 0.000000 1.400282 0.022377 0.017395 0.000000 0.042064 -0.004176 0.001403 0.000000 0.001758 
2.012830 0.404332 0.000000 1.404506 0.021960 0.017535 0.000000 0.042238 -0.004165 0.001396 0.000000 0.001733 
2.014984 0.406099 0.000000 1.408747 0.021543 0.017673 0.000000 0.042406 -0.004161 0.001372 0.000000 0.001675 
2.017097 0.407880 0.000000 1.413003 0.021128 0.017807 0.000000 0.042566 -0.004164 0.001351 0.000000 0.001617 
2.019168 0.409674 0.000000 1.417276 0.020710 0.017942 0.000000 0.042725 -0.004178 0.001356 0.000000 0.001592 
2.021197 0.411482 0.000000 1.421564 0.020290 0.018080 0.000000 0.042884 -0.004191 0.001371 0.000000 0.001574 
2.023184 0.413304 0.000000 1.425868 0.019872 0.018217 0.000000 0.043036 -0.004179 0.001364 0.000000 0.001522 
2.025130 0.415139 0.000000 1.430186 0.019457 0.018350 0.000000 0.043181 -0.004154 0.001339 0.000000 0.001451 
2.027034 0.416987 0.000000 1.434518 0.019043 0.018483 0.000000 0.043321 -0.004143 0.001328 0.000000 0.001408 
2.028897 0.418849 0.000000 1.438864 0.018628 0.018617 0.000000 0.043461 -0.004155 0.001333 0.000000 0.001394 
2.030718 0.420724 0.000000 1.443224 0.018210 0.018750 0.000000 0.043598 -0.004172 0.001335 0.000000 0.001367 
2.032497 0.422612 0.000000 1.447597 0.017792 0.018883 0.000000 0.043729 -0.004175 0.001328 0.000000 0.001308 
2.034235 0.424514 0.000000 1.451982 0.017377 0.019015 0.000000 0.043853 -0.004160 0.001320 0.000000 0.001251 
2.035931 0.426428 0.000000 1.456380 0.016963 0.019146 0.000000 0.043975 -0.004139 0.001308 0.000000 0.001222 
2.037586 0.428356 0.000000 1.460789 0.016550 0.019275 0.000000 0.044096 -0.004126 0.001290 0.000000 0.001205 
2.039200 0.430296 0.000000 1.465211 0.016137 0.019402 0.000000 0.044214 -0.004131 0.001275 0.000000 0.001167 
2.040772 0.432249 0.000000 1.469643 0.015722 0.019530 0.000000 0.044324 -0.004144 0.001280 0.000000 0.001106 
2.042303 0.434215 0.000000 1.474086 0.015308 0.019660 0.000000 0.044428 -0.004144 0.001300 0.000000 0.001051 
2.043792 0.436194 0.000000 1.478539 0.014895 0.019791 0.000000 0.044531 -0.004136 0.001301 0.000000 0.001020 
2.045241 0.438186 0.000000 1.483002 0.014482 0.019918 0.000000 0.044631 -0.004133 0.001266 0.000000 0.000999 
2.046647 0.440190 0.000000 1.487475 0.014068 0.020040 0.000000 0.044728 -0.004125 0.001229 0.000000 0.000972 
2.048013 0.442206 0.000000 1.491957 0.013658 0.020162 0.000000 0.044821 -0.004112 0.001233 0.000000 0.000939 
2.049338 0.444235 0.000000 1.496448 0.013247 0.020290 0.000000 0.044911 -0.004114 0.001266 0.000000 0.000896 
2.050621 0.446277 0.000000 1.500948 0.012833 0.020418 0.000000 0.044996 -0.004130 0.001272 0.000000 0.000839 
2.051863 0.448331 0.000000 1.505455 0.012420 0.020541 0.000000 0.045073 -0.004129 0.001236 0.000000 0.000782 
2.053064 0.450397 0.000000 1.509970 0.012009 0.020660 0.000000 0.045148 -0.004108 0.001197 0.000000 0.000754 
2.054224 0.452475 0.000000 1.514492 0.011600 0.020779 0.000000 0.045223 -0.004095 0.001190 0.000000 0.000747 
2.055343 0.454565 0.000000 1.519022 0.011190 0.020900 0.000000 0.045296 -0.004100 0.001212 0.000000 0.000719 
2.056421 0.456667 0.000000 1.523558 0.010779 0.021023 0.000000 0.045362 -0.004103 0.001227 0.000000 0.000658 
2.057458 0.458782 0.000000 1.528100 0.010370 0.021145 0.000000 0.045421 -0.004089 0.001205 0.000000 0.000598 
2.058454 0.460908 0.000000 1.532648 0.009963 0.021260 0.000000 0.045477 -0.004079 0.001166 0.000000 0.000571 
2.059410 0.463045 0.000000 1.537201 0.009555 0.021375 0.000000 0.045534 -0.004092 0.001159 0.000000 0.000563 
2.060324 0.465195 0.000000 1.541760 0.009142 0.021494 0.000000 0.045589 -0.004107 0.001181 0.000000 0.000533 
2.061197 0.467356 0.000000 1.546324 0.008733 0.021613 0.000000 0.045636 -0.004094 0.001182 0.000000 0.000472 
2.062030 0.469529 0.000000 1.550891 0.008327 0.021728 0.000000 0.045676 -0.004070 0.001151 0.000000 0.000425 
2.062822 0.471713 0.000000 1.555463 0.007920 0.021840 0.000000 0.045718 -0.004072 0.001126 0.000000 0.000411 
2.063573 0.473908 0.000000 1.560039 0.007510 0.021953 0.000000 0.045758 -0.004085 0.001129 0.000000 0.000391 
2.064283 0.476115 0.000000 1.564618 0.007102 0.022067 0.000000 0.045792 -0.004078 0.001139 0.000000 0.000337 
2.064953 0.478333 0.000000 1.569200 0.006697 0.022180 0.000000 0.045819 -0.004065 0.001131 0.000000 0.000277 
2.065582 0.480562 0.000000 1.573784 0.006290 0.022291 0.000000 0.045843 -0.004064 0.001107 0.000000 0.000241 
2.066170 0.482802 0.000000 1.578371 0.005883 0.022400 0.000000 0.045865 -0.004067 0.001087 0.000000 0.000224 
2.066718 0.485053 0.000000 1.582959 0.005477 0.022507 0.000000 0.045886 -0.004067 0.001081 0.000000 0.000206 
2.067225 0.487314 0.000000 1.587550 0.005070 0.022616 0.000000 0.045904 -0.004066 0.001086 0.000000 0.000175 
2.067691 0.489587 0.000000 1.592141 0.004663 0.022725 0.000000 0.045916 -0.004066 0.001078 0.000000 0.000124 
2.068117 0.491870 0.000000 1.596734 0.004257 0.022830 0.000000 0.045923 -0.004069 0.001056 0.000000 0.000068 
2.068502 0.494163 0.000000 1.601326 0.003849 0.022933 0.000000 0.045926 -0.004072 0.001047 0.000000 0.000034 
2.068846 0.496467 0.000000 1.605919 0.003443 0.023040 0.000000 0.045928 -0.004058 0.001052 0.000000 0.000027 
2.069150 0.498782 0.000000 1.610512 0.003040 0.023145 0.000000 0.045931 -0.004034 0.001046 0.000000 0.000011 
2.069414 0.501106 0.000000 1.615105 0.002637 0.023246 0.000000 0.045927 -0.004035 0.001028 0.000000 -0.000037 
2.069637 0.503441 0.000000 1.619696 0.002231 0.023348 0.000000 0.045916 -0.004061 0.001009 0.000000 -0.000097 
2.069819 0.505786 0.000000 1.624287 0.001823 0.023447 0.000000 0.045902 -0.004074 0.000985 0.000000 -0.000141 
2.069961 0.508140 0.000000 1.628875 0.001417 0.023543 0.000000 0.045886 -0.004061 0.000968 0.000000 -0.000161 
2.070062 0.510504 0.000000 1.633462 0.001012 0.023640 0.000000 0.045869 -0.004047 0.000976 0.000000 -0.000177 
2.070123 0.512878 0.000000 1.638047 0.000608 0.023740 0.000000 0.045848 -0.004046 0.000990 0.000000 -0.000211 
2.070143 0.515262 0.000000 1.642629 0.000203 0.023838 0.000000 0.045821 -0.004050 0.000974 0.000000 -0.000262 
2.070123 0.517655 0.000000 1.647208 -0.000203 0.023931 0.000000 0.045791 -0.004052 0.000939 0.000000 -0.000305 
2.070062 0.520057 0.000000 1.651784 -0.000608 0.024023 0.000000 0.045758 -0.004050 0.000920 0.000000 -0.000328 
2.069961 0.522469 0.000000 1.656356 -0.001012 0.024115 0.000000 0.045724 -0.004046 0.000916 0.000000 -0.000346 
2.069819 0.524889 0.000000 1.660925 -0.001417 0.024206 0.000000 0.045686 -0.004047 0.000908 0.000000 -0.000378 
2.069637 0.527319 0.000000 1.665489 -0.001823 0.024295 0.000000 0.045643 -0.004061 0.000893 0.000000 -0.000424 
2.069414 0.529757 0.000000 1.670049 -0.002231 0.024383 0.000000 0.045596 -0.004074 0.000883 0.000000 -0.000469 
2.069150 0.532204 0.000000 1.674603 -0.002637 0.024471 0.000000 0.045546 -0.004061 0.000876 0.000000 -0.000506 
2.068846 0.534660 0.000000 1.679153 -0.003040 0.024557 0.000000 0.045492 -0.004035 0.000861 0.000000 -0.000535 
2.068502 0.537124 0.000000 1.683696 -0.003443 0.024641 0.000000 0.045436 -0.004034 0.000841 0.000000 -0.000555 
2.068117 0.539596 0.000000 1.688234 -0.003849 0.024723 0.000000 0.045379 -0.004058 0.000825 0.000000 -0.000576 
2.067691 0.542077 0.000000 1.692766 -0.004257 0.024805 0.000000 0.045318 -0.004072 0.000809 0.000000 -0.000622 
2.067225 0.544565 0.000000 1.697291 -0.004663 0.024883 0.000000 0.045248 -0.004069 0.000789 0.000000 -0.000683 
2.066718 0.547061 0.000000 1.701808 -0.005070 0.024960 0.000000 0.045176 -0.004066 0.000773 0.000000 -0.000716 
2.066170 0.549565 0.000000 1.706319 -0.005477 0.025037 0.000000 0.045105 -0.004066 0.000766 0.000000 -0.000722 
2.065582 0.552076 0.000000 1.710822 -0.005883 0.025113 0.000000 0.045031 -0.004067 0.000760 0.000000 -0.000743 
2.064953 0.554595 0.000000 1.715317 -0.006290 0.025188 0.000000 0.044952 -0.004067 0.000747 0.000000 -0.000788 
2.064283 0.557121 0.000000 1.719804 -0.006697 0.025261 0.000000 0.044868 -0.004064 0.000724 0.000000 -0.000835 
2.063573 0.559654 0.000000 1.724282 -0.007102 0.025330 0.000000 0.044781 -0.004065 0.000697 0.000000 -0.000874 
2.062822 0.562194 0.000000 1.728751 -0.007510 0.025398 0.000000 0.044690 -0.004078 0.000680 0.000000 -0.000903 
2.062030 0.564740 0.000000 1.733211 -0.007920 0.025466 0.000000 0.044598 -0.004085 0.000678 0.000000 -0.000922 
2.061197 0.567294 0.000000 1.737661 -0.008327 0.025533 0.000000 0.044504 -0.004072 0.000667 0.000000 -0.000942 
2.060324 0.569853 0.000000 1.742102 -0.008733 0.025596 0.000000 0.044406 -0.004070 0.000633 0.000000 -0.000987 
2.059410 0.572419 0.000000 1.746532 -0.009142 0.025655 0.000000 0.044301 -0.004094 0.000593 0.000000 -0.001050 
2.058454 0.574990 0.000000 1.750951 -0.009555 0.025712 0.000000 0.044191 -0.004107 0.000576 0.000000 -0.001093 
2.057458 0.577567 0.000000 1.755359 -0.009963 0.025771 0.000000 0.044081 -0.004092 0.000585 0.000000 -0.001100 
2.056421 0.580150 0.000000 1.759756 -0.010370 0.025830 0.000000 0.043971 -0.004079 0.000585 0.000000 -0.001110 
2.055343 0.582739 0.000000 1.764142 -0.010779 0.025886 0.000000 0.043856 -0.004089 0.000555 0.000000 -0.001152 
2.054224 0.585332 0.000000 1.768515 -0.011190 0.025936 0.000000 0.043734 -0.004103 0.000514 0.000000 -0.001203 
2.053064 0.587931 0.000000 1.772876 -0.011600 0.025985 0.000000 0.043611 -0.004100 0.000486 0.000000 -0.001237 
2.051863 0.590534 0.000000 1.777225 -0.012009 0.026033 0.000000 0.043485 -0.004095 0.000472 0.000000 -0.001266 
2.050621 0.593142 0.000000 1.781560 -0.012420 0.026078 0.000000 0.043354 -0.004108 0.000461 0.000000 -0.001300 
2.049338 0.595754 0.000000 1.785882 -0.012833 0.026123 0.000000 0.043221 -0.004129 0.000447 0.000000 -0.001333 
2.048013 0.598371 0.000000 1.790191 -0.013247 0.026166 0.000000 0.043085 -0.004130 0.000419 0.000000 -0.001366 
2.046647 0.600991 0.000000 1.794485 -0.013658 0.026203 0.000000 0.042944 -0.004114 0.000380 0.000000 -0.001401 
2.045241 0.603615 0.000000 1.798765 -0.014068 0.026238 0.000000 0.042801 -0.004112 0.000353 0.000000 -0.001433 
2.043792 0.606242 0.000000 1.803031 -0.014482 0.026273 0.000000 0.042655 -0.004125 0.000342 0.000000 -0.001467 
2.042303 0.608873 0.000000 1.807281 -0.014895 0.026306 0.000000 0.042504 -0.004133 0.000330 0.000000 -0.001500 
2.040772 0.611506 0.000000 1.811516 -0.015308 0.026336 0.000000 0.042351 -0.004136 0.000303 0.000000 -0.001530 
2.039200 0.614143 0.000000 1.815736 -0.015722 0.026363 0.000000 0.042196 -0.004144 0.000264 0.000000 -0.001567 
2.037586 0.616781 0.000000 1.819939 -0.016137 0.026386 0.000000 0.042033 -0.004144 0.000235 0.000000 -0.001614 
2.035931 0.619422 0.000000 1.824126 -0.016550 0.026408 0.000000 0.041868 -0.004131 0.000228 0.000000 -0.001643 
2.034235 0.622065 0.000000 1.828296 -0.016963 0.026431 0.000000 0.041703 -0.004126 0.000219 0.000000 -0.001654 
2.032497 0.624710 0.000000 1.832450 -0.017377 0.026449 0.000000 0.041536 -0.004139 0.000179 0.000000 -0.001685 
2.030718 0.627356 0.000000 1.836586 -0.017792 0.026461 0.000000 0.041361 -0.004160 0.000117 0.000000 -0.001744 
2.028897 0.630003 0.000000 1.840704 -0.018210 0.026468 0.000000 0.041181 -0.004175 0.000082 0.000000 -0.001791 
2.027034 0.632650 0.000000 1.844804 -0.018628 0.026476 0.000000 0.041000 -0.004172 0.000086 0.000000 -0.001809 
2.025130 0.635299 0.000000 1.848886 -0.019043 0.026486 0.000000 0.040818 -0.004155 0.000077 0.000000 -0.001828 
2.023184 0.637948 0.000000 1.852949 -0.019457 0.026488 0.000000 0.040631 -0.004143 0.000025 0.000000 -0.001871 
2.021197 0.640596 0.000000 1.856993 -0.019872 0.026484 0.000000 0.040439 -0.004154 -0.000024 0.000000 -0.001922 
2.019168 0.643244 0.000000 1.861017 -0.020290 0.026481 0.000000 0.040243 -0.004179 -0.000035 0.000000 -0.001955 
2.017097 0.645892 0.000000 1.865022 -0.020710 0.026478 0.000000 0.040046 -0.004191 -0.000044 0.000000 -0.001972 
2.014984 0.648539 0.000000 1.869006 -0.021128 0.026469 0.000000 0.039846 -0.004178 -0.000086 0.000000 -0.001995 
2.012830 0.651184 0.000000 1.872971 -0.021543 0.026454 0.000000 0.039643 -0.004164 -0.000135 0.000000 -0.002039 
2.010634 0.653828 0.000000 1.876914 -0.021960 0.026438 0.000000 0.039433 -0.004161 -0.000170 0.000000 -0.002089 
2.008396 0.656470 0.000000 1.880836 -0.022377 0.026418 0.000000 0.039221 -0.004165 -0.000203 0.000000 -0.002119 
2.006117 0.659109 0.000000 1.884737 -0.022793 0.026394 0.000000 0.039008 -0.004176 -0.000235 0.000000 -0.002137 
2.003796 0.661746 0.000000 1.888616 -0.023213 0.026368 0.000000 0.038791 -0.004189 -0.000256 0.000000 -0.002173 
2.001432 0.664380 0.000000 1.892473 -0.023632 0.026341 0.000000 0.038568 -0.004184 -0.000280 0.000000 -0.002226 
1.999028 0.667011 0.000000 1.896307 -0.024048 0.026308 0.000000 0.038341 -0.004169 -0.000320 0.000000 -0.002263 
1.996581 0.669638 0.000000 1.900118 -0.024465 0.026271 0.000000 0.038113 -0.004176 -0.000366 0.000000 -0.002285 
1.994093 0.672261 0.000000 1.903907 -0.024885 0.026231 0.000000 0.037883 -0.004195 -0.000411 0.000000 -0.002314 
1.991562 0.674880 0.000000 1.907671 -0.025305 0.026186 0.000000 0.037646 -0.004188 -0.000456 0.000000 -0.002350 
1.988990 0.677493 0.000000 1.911412 -0.025720 0.026136 0.000000 0.037409 -0.004162 -0.000488 0.000000 -0.002380 
1.986377 0.680102 0.000000 1.915129 -0.026135 0.026086 0.000000 0.037168 -0.004162 -0.000503 0.000000 -0.002414 
1.983721 0.682705 0.000000 1.918821 -0.026555 0.026034 0.000000 0.036921 -0.004180 -0.000525 0.000000 -0.002462 
1.981024 0.685303 0.000000 1.922488 -0.026973 0.025976 0.000000 0.036671 -0.004176 -0.000579 0.000000 -0.002504 
1.978285 0.687894 0.000000 1.926130 -0.027387 0.025911 0.000000 0.036418 -0.004157 -0.000646 0.000000 -0.002525 
1.975505 0.690478 0.000000 1.929746 -0.027802 0.025841 0.000000 0.036164 -0.004157 -0.000692 0.000000 -0.002546 
1.972683 0.693055 0.000000 1.933337 -0.028220 0.025770 0.000000 0.035906 -0.004170 -0.000717 0.000000 -0.002588 
1.969819 0.695625 0.000000 1.936901 -0.028637 0.025696 0.000000 0.035641 -0.004161 -0.000747 0.000000 -0.002638 
1.966914 0.698186 0.000000 1.940438 -0.029050 0.025616 0.000000 0.035373 -0.004138 -0.000789 0.000000 -0.002670 
1.963968 0.700740 0.000000 1.943949 -0.029463 0.025533 0.000000 0.035105 -0.004139 -0.000830 0.000000 -0.002689 
1.960980 0.703284 0.000000 1.947432 -0.029880 0.025446 0.000000 0.034833 -0.004154 -0.000877 0.000000 -0.002722 
1.957950 0.705820 0.000000 1.950888 -0.030295 0.025353 0.000000 0.034556 -0.004147 -0.000928 0.000000 -0.002766 
1.954880 0.708345 0.000000 1.954315 -0.030706 0.025256 0.000000 0.034276 -0.004123 -0.000968 0.000000 -0.002803 
1.951768 0.710861 0.000000 1.957715 -0.031117 0.025156 0.000000 0.033993 -0.004114 -0.000996 0.000000 -0.002834 
1.948615 0.713366 0.000000 1.961085 -0.031530 0.025054 0.000000 0.033706 -0.004115 -0.001037 0.000000 -0.002866 
1.945421 0.715861 0.000000 1.964427 -0.031940 0.024943 0.000000 0.033416 -0.004111 -0.001099 0.000000 -0.002900 
1.942186 0.718343 0.000000 1.967739 -0.032350 0.024827 0.000000 0.033123 -0.004106 -0.001156 0.000000 -0.002933 
1.938910 0.720814 0.000000 1.971022 -0.032761 0.024708 0.000000 0.032826 -0.004092 -0.001194 0.000000 -0.002968 
1.935593 0.723273 0.000000 1.974274 -0.033167 0.024585 0.000000 0.032526 -0.004065 -0.001231 0.000000 -0.002999 
1.932236 0.725718 0.000000 1.977497 -0.033570 0.024457 0.000000 0.032223 -0.004046 -0.001273 0.000000 -0.003030 
1.928839 0.728151 0.000000 1.980688 -0.033976 0.024326 0.000000 0.031916 -0.004049 -0.001319 0.000000 -0.003068 
1.925400 0.730570 0.000000 1.983849 -0.034382 0.024189 0.000000 0.031605 -0.004047 -0.001376 0.000000 -0.003110 
1.921922 0.732974 0.000000 1.986978 -0.034783 0.024044 0.000000 0.031291 -0.004027 -0.001440 0.000000 -0.003144 
1.918404 0.735364 0.000000 1.990075 -0.035184 0.023895 0.000000 0.030974 -0.004007 -0.001487 0.000000 -0.003168 
1.914845 0.737738 0.000000 1.993141 -0.035584 0.023744 0.000000 0.030655 -0.003992 -0.001515 0.000000 -0.003197 
1.911247 0.740097 0.000000 1.996174 -0.035981 0.023589 0.000000 0.030331 -0.003974 -0.001551 0.000000 -0.003233 
1.907610 0.742440 0.000000 1.999174 -0.036376 0.023428 0.000000 0.030004 -0.003958 -0.001613 0.000000 -0.003264 
1.903932 0.744766 0.000000 2.002142 -0.036772 0.023259 0.000000 0.029675 -0.003942 -0.001682 0.000000 -0.003300 
1.900216 0.747074 0.000000 2.005076 -0.037163 0.023086 0.000000 0.029340 -0.003924 -0.001730 0.000000 -0.003347 
1.896461 0.749366 0.000000 2.007976 -0.037554 0.022910 0.000000 0.029001 -0.003914 -0.001764 0.000000 -0.003379 
1.892666 0.751638 0.000000 2.010842 -0.037945 0.022730 0.000000 0.028663 -0.003896 -0.001804 0.000000 -0.003389 
1.888833 0.753893 0.000000 2.013675 -0.038331 0.022544 0.000000 0.028323 -0.003855 -0.001861 0.000000 -0.003410 
1.884962 0.756128 0.000000 2.016472 -0.038711 0.022351 0.000000 0.027977 -0.003821 -0.001928 0.000000 -0.003455 
1.881053 0.758343 0.000000 2.019235 -0.039093 0.022152 0.000000 0.027626 -0.003816 -0.001988 0.000000 -0.003502 
1.877105 0.760538 0.000000 2.021962 -0.039475 0.021948 0.000000 0.027273 -0.003806 -0.002035 0.000000 -0.003539 
1.873120 0.762712 0.000000 2.024654 -0.039851 0.021741 0.000000 0.026916 -0.003769 -0.002078 0.000000 -0.003572 
1.869098 0.764865 0.000000 2.027309 -0.040224 0.021528 0.000000 0.026556 -0.003731 -0.002122 0.000000 -0.003593 
1.865038 0.766996 0.000000 2.029929 -0.040595 0.021312 0.000000 0.026196 -0.003708 -0.002162 0.000000 -0.003604 
1.860942 0.769105 0.000000 2.032512 -0.040963 0.021092 0.000000 0.025833 -0.003682 -0.002213 0.000000 -0.003627 
1.856809 0.771192 0.000000 2.035059 -0.041328 0.020863 0.000000 0.025466 -0.003651 -0.002283 0.000000 -0.003672 
1.852640 0.773254 0.000000 2.037568 -0.041691 0.020627 0.000000 0.025093 -0.003628 -0.002350 0.000000 -0.003721 
1.848435 0.775293 0.000000 2.040040 -0.042051 0.020388 0.000000 0.024718 -0.003603 -0.002394 0.000000 -0.003755 
1.844194 0.777308 0.000000 2.042474 -0.042408 0.020146 0.000000 0.024341 -0.003561 -0.002431 0.000000 -0.003777 
1.839918 0.779297 0.000000 2.044870 -0.042758 0.019897 0.000000 0.023961 -0.003515 -0.002481 0.000000 -0.003799 
1.835608 0.781262 0.000000 2.047228 -0.043106 0.019643 0.000000 0.023578 -0.003483 -0.002538 0.000000 -0.003823 
1.831262 0.783200 0.000000 2.049547 -0.043453 0.019384 0.000000 0.023193 -0.003451 -0.002596 0.000000 -0.003848 
1.826883 0.785112 0.000000 2.051828 -0.043793 0.019119 0.000000 0.022806 -0.003405 -0.002652 0.000000 -0.003880 
1.822470 0.786997 0.000000 2.054069 -0.044129 0.018848 0.000000 0.022414 -0.003368 -0.002701 0.000000 -0.003920 
1.818024 0.788854 0.000000 2.056271 -0.044464 0.018574 0.000000 0.022018 -0.003345 -0.002743 0.000000 -0.003955 
1.813544 0.790684 0.000000 2.058433 -0.044796 0.018296 0.000000 0.021620 -0.003303 -0.002789 0.000000 -0.003977 
1.809032 0.792485 0.000000 2.060555 -0.045118 0.018011 0.000000 0.021221 -0.003240 -0.002841 0.000000 -0.003989 
1.804489 0.794257 0.000000 2.062637 -0.045437 0.017722 0.000000 0.020821 -0.003197 -0.002889 0.000000 -0.004010 
1.799913 0.796000 0.000000 2.064679 -0.045756 0.017429 0.000000 0.020416 -0.003170 -0.002940 0.000000 -0.004050 
1.795306 0.797713 0.000000 2.066679 -0.046068 0.017129 0.000000 0.020006 -0.003119 -0.003002 0.000000 -0.004092 
1.790669 0.799395 0.000000 2.068639 -0.046372 0.016821 0.000000 0.019595 -0.003056 -0.003062 0.000000 -0.004113 
1.786002 0.801046 0.000000 2.070557 -0.046674 0.016511 0.000000 0.019183 -0.003017 -0.003103 0.000000 -0.004114 
1.781304 0.802666 0.000000 2.072434 -0.046973 0.016198 0.000000 0.018771 -0.002978 -0.003142 0.000000 -0.004123 
1.776578 0.804254 0.000000 2.074270 -0.047264 0.015878 0.000000 0.018356 -0.002916 -0.003191 0.000000 -0.004162 
1.771823 0.805809 0.000000 2.076063 -0.047549 0.015554 0.000000 0.017933 -0.002857 -0.003234 0.000000 -0.004216 
1.767040 0.807332 0.000000 2.077814 -0.047831 0.015228 0.000000 0.017508 -0.002819 -0.003273 0.000000 -0.004249 
1.762229 0.808822 0.000000 2.079522 -0.048109 0.014896 0.000000 0.017083 -0.002773 -0.003323 0.000000 -0.004253 
1.757391 0.810277 0.000000 2.081188 -0.048379 0.014557 0.000000 0.016658 -0.002700 -0.003378 0.000000 -0.004260 
1.752527 0.811699 0.000000 2.082811 -0.048641 0.014215 0.000000 0.016228 -0.002626 -0.003426 0.000000 -0.004288 
1.747637 0.813086 0.000000 2.084390 -0.048899 0.013868 0.000000 0.015796 -0.002582 -0.003470 0.000000 -0.004323 
1.742722 0.814437 0.000000 2.085927 -0.049154 0.013517 0.000000 0.015362 -0.002548 -0.003511 0.000000 -0.004347 
1.737781 0.815754 0.000000 2.087419 -0.049404 0.013163 0.000000 0.014926 -0.002483 -0.003548 0.000000 -0.004350 
1.732817 0.817034 0.000000 2.088868 -0.049642 0.012804 0.000000 0.014491 -0.002397 -0.003584 0.000000 -0.004348 
1.727830 0.818278 0.000000 2.090274 -0.049874 0.012441 0.000000 0.014055 -0.002327 -0.003622 0.000000 -0.004378 
1.722819 0.819486 0.000000 2.091635 -0.050103 0.012075 0.000000 0.013611 -0.002275 -0.003666 0.000000 -0.004433 
1.717787 0.820656 0.000000 2.092951 -0.050325 0.011704 0.000000 0.013163 -0.002219 -0.003711 0.000000 -0.004460 
1.712733 0.821789 0.000000 2.094223 -0.050540 0.011329 0.000000 0.012720 -0.002153 -0.003752 0.000000 -0.004450 
1.707658 0.822884 0.000000 2.095451 -0.050749 0.010950 0.000000 0.012275 -0.002083 -0.003785 0.000000 -0.004451 
1.702563 0.823941 0.000000 2.096633 -0.050949 0.010568 0.000000 0.011826 -0.002015 -0.003818 0.000000 -0.004479 
1.697449 0.824959 0.000000 2.097771 -0.051144 0.010183 0.000000 0.011375 -0.001953 -0.003849 0.000000 -0.004510 
1.692315 0.825939 0.000000 2.098863 -0.051334 0.009796 0.000000 0.010923 -0.001889 -0.003879 0.000000 -0.004531 
1.687164 0.826879 0.000000 2.099910 -0.051515 0.009404 0.000000 0.010468 -0.001810 -0.003917 0.000000 -0.004547 
1.681995 0.827780 0.000000 2.100911 -0.051687 0.009008 0.000000 0.010012 -0.001722 -0.003963 0.000000 -0.004551 
1.676810 0.828641 0.000000 2.101867 -0.051851 0.008608 0.000000 0.009558 -0.001645 -0.003998 0.000000 -0.004546 
1.671609 0.829461 0.000000 2.102777 -0.052009 0.008206 0.000000 0.009103 -0.001583 -0.004008 0.000000 -0.004552 
1.666393 0.830242 0.000000 2.103642 -0.052162 0.007806 0.000000 0.008645 -0.001522 -0.004016 0.000000 -0.004580 
1.661162 0.830982 0.000000 2.104460 -0.052307 0.007401 0.000000 0.008183 -0.001444 -0.004055 0.000000 -0.004613 
1.655918 0.831681 0.000000 2.105232 -0.052442 0.006989 0.000000 0.007720 -0.001356 -0.004108 0.000000 -0.004633 
1.650661 0.832338 0.000000 2.105958 -0.052569 0.006575 0.000000 0.007257 -0.001281 -0.004135 0.000000 -0.004637 
1.645392 0.832955 0.000000 2.106637 -0.052692 0.006162 0.000000 0.006793 -0.001218 -0.004133 0.000000 -0.004633 
1.640111 0.833529 0.000000 2.107270 -0.052807 0.005749 0.000000 0.006330 -0.001146 -0.004134 0.000000 -0.004628 
1.634820 0.834063 0.000000 2.107857 -0.052912 0.005333 0.000000 0.005867 -0.001061 -0.004161 0.000000 -0.004636 
1.629519 0.834554 0.000000 2.108397 -0.053010 0.004913 0.000000 0.005401 -0.000975 -0.004204 0.000000 -0.004659 
1.624209 0.835003 0.000000 2.108890 -0.053099 0.004488 0.000000 0.004933 -0.000892 -0.004233 0.000000 -0.004680 
1.618891 0.835409 0.000000 2.109337 -0.053180 0.004065 0.000000 0.004464 -0.000805 -0.004238 0.000000 -0.004689 
1.613566 0.835774 0.000000 2.109736 -0.053252 0.003642 0.000000 0.003995 -0.000721 -0.004240 0.000000 -0.004686 
1.608234 0.836095 0.000000 2.110089 -0.053316 0.003216 0.000000 0.003528 -0.000651 -0.004246 0.000000 -0.004676 
1.602897 0.836374 0.000000 2.110395 -0.053375 0.002791 0.000000 0.003060 -0.000587 -0.004256 0.000000 -0.004679 
1.597554 0.836611 0.000000 2.110654 -0.053427 0.002364 0.000000 0.002590 -0.000505 -0.004277 0.000000 -0.004703 
1.592207 0.836804 0.000000 2.110866 -0.053467 0.001933 0.000000 0.002117 -0.000406 -0.004299 0.000000 -0.004723 
1.586858 0.836954 0.000000 2.111030 -0.053498 0.001503 0.000000 0.001645 -0.000319 -0.004294 0.000000 -0.004714 
1.581505 0.837062 0.000000 2.111148 -0.053524 0.001077 0.000000 0.001177 -0.000253 -0.004277 0.000000 -0.004694 
1.576151 0.837127 0.000000 2.111219 -0.053542 0.000648 0.000000 0.000708 -0.000179 -0.004286 0.000000 -0.004694 
1.570796 0.837148 0.000000 2.111242 -0.053550 0.000216 0.000000 0.000236 -0.000087 -0.004313 0.000000 -0.004712 
1.565441 0.837127 0.000000 2.111219 -0.053549 -0.000216 0.000000 -0.000236 0.000009 -0.004326 0.000000 -0.004721 
1.560087 0.837062 0.000000 2.111148 -0.053540 -0.000648 0.000000 -0.000708 0.000099 -0.004313 0.000000 -0.004712 
1.554735 0.836954 0.000000 2.111030 -0.053522 -0.001077 0.000000 -0.001177 0.000180 -0.004286 0.000000 -0.004694 
1.549385 0.836804 0.000000 2.110866 -0.053496 -0.001503 0.000000 -0.001645 0.000248 -0.004277 0.000000 -0.004694 
1.544039 0.836611 0.000000 2.110654 -0.053465 -0.001933 0.000000 -0.002117 0.000313 -0.004294 0.000000 -0.004714 
1.538696 0.836374 0.000000 2.110395 -0.053427 -0.002364 0.000000 -0.002590 0.000396 -0.004299 0.000000 -0.004723 
1.533358 0.836095 0.000000 2.110089 -0.053377 -0.002791 0.000000 -0.003060 0.000495 -0.004277 0.000000 -0.004703 
1.528027 0.835774 0.000000 2.109736 -0.053318 -0.003216 0.000000 -0.003528 0.000577 -0.004256 0.000000 -0.004679 
1.522701 0.835409 0.000000 2.109337 -0.053254 -0.003642 0.000000 -0.003995 0.000645 -0.004246 0.000000 -0.004676 
1.517383 0.835003 0.000000 2.108890 -0.053182 -0.004065 0.000000 -0.004464 0.000734 -0.004240 0.000000 -0.004686 
1.512073 0.834554 0.000000 2.108397 -0.053097 -0.004488 0.000000 -0.004933 0.000839 -0.004238 0.000000 -0.004689 
1.506773 0.834063 0.000000 2.107857 -0.053004 -0.004913 0.000000 -0.005401 0.000915 -0.004233 0.000000 -0.004680 
1.501482 0.833529 0.000000 2.107270 -0.052909 -0.005333 0.000000 -0.005867 0.000965 -0.004204 0.000000 -0.004659 
1.496201 0.832955 0.000000 2.106637 -0.052806 -0.005749 0.000000 -0.006330 0.001033 -0.004161 0.000000 -0.004636 
1.490932 0.832338 0.000000 2.105958 -0.052693 -0.006162 0.000000 -0.006793 0.001125 -0.004134 0.000000 -0.004628 
1.485675 0.831681 0.000000 2.105232 -0.052572 -0.006575 0.000000 -0.007257 0.001211 -0.004133 0.000000 -0.004633 
1.480430 0.830982 0.000000 2.104460 -0.052444 -0.006989 0.000000 -0.007720 0.001283 -0.004135 0.000000 -0.004637 
1.475200 0.830242 0.000000 2.103642 -0.052308 -0.007401 0.000000 -0.008183 0.001356 -0.004108 0.000000 -0.004633 
1.469983 0.829461 0.000000 2.102777 -0.052164 -0.007806 0.000000 -0.008645 0.001441 -0.004055 0.000000 -0.004613 
1.464782 0.828641 0.000000 2.101867 -0.052011 -0.008206 0.000000 -0.009103 0.001532 -0.004016 0.000000 -0.004580 
1.459597 0.827780 0.000000 2.100911 -0.051849 -0.008608 0.000000 -0.009558 0.001605 -0.004008 0.000000 -0.004552 
1.454429 0.826879 0.000000 2.099910 -0.051684 -0.009008 0.000000 -0.010012 0.001655 -0.003998 0.000000 -0.004546 
1.449277 0.825939 0.000000 2.098863 -0.051514 -0.009404 0.000000 -0.010468 0.001720 -0.003963 0.000000 -0.004551 
1.444144 0.824959 0.000000 2.097771 -0.051332 -0.009796 0.000000 -0.010923 0.001811 -0.003917 0.000000 -0.004547 
1.439030 0.823941 0.000000 2.096633 -0.051142 -0.010183 0.000000 -0.011375 0.001890 -0.003879 0.000000 -0.004531 
1.433935 0.822884 0.000000 2.095451 -0.050948 -0.010568 0.000000 -0.011826 0.001942 -0.003849 0.000000 -0.004510 
1.428860 0.821789 0.000000 2.094223 -0.050749 -0.010950 0.000000 -0.012275 0.001996 -0.003818 0.000000 -0.004479 
1.423806 0.820656 0.000000 2.092951 -0.050542 -0.011329 0.000000 -0.012720 0.002072 -0.003785 0.000000 -0.004451 
1.418773 0.819486 0.000000 2.091635 -0.050326 -0.011704 0.000000 -0.013163 0.002152 -0.003752 0.000000 -0.004450 
1.413763 0.818278 0.000000 2.090274 -0.050104 -0.012075 0.000000 -0.013611 0.002219 -0.003711 0.000000 -0.004460 
1.408775 0.817034 0.000000 2.088868 -0.049877 -0.012441 0.000000 -0.014055 0.002283 -0.003666 0.000000 -0.004433 
1.403811 0.815754 0.000000 2.087419 -0.049641 -0.012804 0.000000 -0.014491 0.002355 -0.003622 0.000000 -0.004378 
1.398871 0.814437 0.000000 2.085927 -0.049399 -0.013163 0.000000 -0.014926 0.002421 -0.003584 0.000000 -0.004348 
1.393956 0.813086 0.000000 2.084390 -0.049152 -0.013517 0.000000 -0.015362 0.002466 -0.003548 0.000000 -0.004350 
1.389066 0.811699 0.000000 2.082811 -0.048902 -0.013868 0.000000 -0.015796 0.002511 -0.003511 0.000000 -0.004347 
1.384201 0.810277 0.000000 2.081188 -0.048644 -0.014215 0.000000 -0.016228 0.002580 -0.003470 0.000000 -0.004323 
1.379364 0.808822 0.000000 2.079522 -0.048377 -0.014557 0.000000 -0.016658 0.002658 -0.003426 0.000000 -0.004288 
1.374553 0.807332 0.000000 2.077814 -0.048106 -0.014896 0.000000 -0.017083 0.002712 -0.003378 0.000000 -0.004260 
1.369770 0.805809 0.000000 2.076063 -0.047831 -0.015228 0.000000 -0.017508 0.002748 -0.003323 0.000000 -0.004253 
1.365015 0.804254 0.000000 2.074270 -0.047552 -0.015554 0.000000 -0.017933 0.002795 -0.003273 0.000000 -0.004249 
1.360288 0.802666 0.000000 2.072434 -0.047266 -0.015878 0.000000 -0.018356 0.002864 -0.003234 0.000000 -0.004216 
1.355591 0.801046 0.000000 2.070557 -0.046972 -0.016198 0.000000 -0.018771 0.002933 -0.003191 0.000000 -0.004162 
1.350924 0.799395 0.000000 2.068639 -0.046674 -0.016511 0.000000 -0.019183 0.002980 -0.003142 0.000000 -0.004123 
1.346286 0.797713 0.000000 2.066679 -0.046373 -0.016821 0.000000 -0.019595 0.003016 -0.003103 0.000000 -0.004114 
1.341680 0.796000 0.000000 2.064679 -0.046067 -0.017129 0.000000 -0.020006 0.003056 -0.003062 0.000000 -0.004113 
1.337104 0.794257 0.000000 2.062637 -0.045756 -0.017429 0.000000 -0.020416 0.003102 -0.003002 0.000000 -0.004092 
1.332560 0.792485 0.000000 2.060555 -0.045441 -0.017722 0.000000 -0.020821 0.003158 -0.002940 0.000000 -0.004050 
1.328048 0.790684 0.000000 2.058433 -0.045119 -0.018011 0.000000 -0.021221 0.003224 -0.002889 0.000000 -0.004010 
1.323569 0.788854 0.000000 2.056271 -0.044790 -0.018296 0.000000 -0.021620 0.003275 -0.002841 0.000000 -0.003989 
1.319123 0.786997 0.000000 2.054069 -0.044461 -0.018574 0.000000 -0.022018 0.003295 -0.002789 0.000000 -0.003977 
1.314710 0.785112 0.000000 2.051828 -0.044131 -0.018848 0.000000 -0.022414 0.003309 -0.002743 0.000000 -0.003955 
1.310330 0.783200 0.000000 2.049547 -0.043796 -0.019119 0.000000 -0.022806 0.003350 -0.002701 0.000000 -0.003920 
1.305985 0.781262 0.000000 2.047228 -0.043454 -0.019384 0.000000 -0.023193 0.003408 -0.002652 0.000000 -0.003880 
1.301674 0.779297 0.000000 2.044870 -0.043108 -0.019643 0.000000 -0.023578 0.003463 -0.002596 0.000000 -0.003848 
1.297398 0.777308 0.000000 2.042474 -0.042758 -0.019897 0.000000 -0.023961 0.003508 -0.002538 0.000000 -0.003823 
1.293158 0.775293 0.000000 2.040040 -0.042403 -0.020146 0.000000 -0.024341 0.003540 -0.002481 0.000000 -0.003799 
1.288953 0.773254 0.000000 2.037568 -0.042048 -0.020388 0.000000 -0.024718 0.003556 -0.002431 0.000000 -0.003777 
1.284784 0.771192 0.000000 2.035059 -0.041691 -0.020627 0.000000 -0.025093 0.003571 -0.002394 0.000000 -0.003755 
1.280651 0.769105 0.000000 2.032512 -0.041331 -0.020863 0.000000 -0.025466 0.003604 -0.002350 0.000000 -0.003721 
1.276554 0.766996 0.000000 2.029929 -0.040966 -0.021092 0.000000 -0.025833 0.003649 -0.002283 0.000000 -0.003672 
1.272495 0.764865 0.000000 2.027309 -0.040596 -0.021312 0.000000 -0.026196 0.003686 -0.002213 0.000000 -0.003627 
1.268472 0.762712 0.000000 2.024654 -0.040226 -0.021528 0.000000 -0.026556 0.003719 -0.002162 0.000000 -0.003604 
1.264487 0.760538 0.000000 2.021962 -0.039850 -0.021741 0.000000 -0.026916 0.003757 -0.002122 0.000000 -0.003593 
1.260540 0.758343 0.000000 2.019235 -0.039471 -0.021948 0.000000 -0.027273 0.003779 -0.002078 0.000000 -0.003572 
1.256631 0.756128 0.000000 2.016472 -0.039093 -0.022152 0.000000 -0.027626 0.003777 -0.002035 0.000000 -0.003539 
1.252759 0.753893 0.000000 2.013675 -0.038716 -0.022351 0.000000 -0.027977 0.003793 -0.001988 0.000000 -0.003502 
1.248926 0.751638 0.000000 2.010842 -0.038331 -0.022544 0.000000 -0.028323 0.003844 -0.001928 0.000000 -0.003455 
1.245132 0.749366 0.000000 2.007976 -0.037941 -0.022730 0.000000 -0.028663 0.003885 -0.001861 0.000000 -0.003410 
1.241377 0.747074 0.000000 2.005076 -0.037553 -0.022910 0.000000 -0.029001 0.003886 -0.001804 0.000000 -0.003389 
1.237660 0.744766 0.000000 2.002142 -0.037165 -0.023086 0.000000 -0.029340 0.003884 -0.001764 0.000000 -0.003379 
1.233983 0.742440 0.000000 1.999174 -0.036774 -0.023259 0.000000 -0.029675 0.003914 -0.001730 0.000000 -0.003347 
1.230345 0.740097 0.000000 1.996174 -0.036378 -0.023428 0.000000 -0.030004 0.003954 -0.001682 0.000000 -0.003300 
1.226747 0.737738 0.000000 1.993141 -0.035980 -0.023589 0.000000 -0.030331 0.003972 -0.001613 0.000000 -0.003264 
1.223189 0.735364 0.000000 1.990075 -0.035583 -0.023744 0.000000 -0.030655 0.003976 -0.001551 0.000000 -0.003233 
1.219670 0.732974 0.000000 1.986978 -0.035185 -0.023895 0.000000 -0.030974 0.003988 -0.001515 0.000000 -0.003197 
1.216192 0.730570 0.000000 1.983849 -0.034783 -0.024044 0.000000 -0.031291 0.004008 -0.001487 0.000000 -0.003168 
1.212754 0.728151 0.000000 1.980688 -0.034381 -0.024189 0.000000 -0.031605 0.004025 -0.001440 0.000000 -0.003144 
1.209356 0.725718 0.000000 1.977497 -0.033977 -0.024326 0.000000 -0.031916 0.004044 -0.001376 0.000000 -0.003110 
1.205999 0.723273 0.000000 1.974274 -0.033570 -0.024457 0.000000 -0.032223 0.004063 -0.001319 0.000000 -0.003068 
1.202683 0.720814 0.000000 1.971022 -0.033163 -0.024585 0.000000 -0.032526 0.004068 -0.001273 0.000000 -0.003030 
1.199407 0.718343 0.000000 1.967739 -0.032757 -0.024708 0.000000 -0.032826 0.004064 -0.001231 0.000000 -0.002999 
1.196172 0.715861 0.000000 1.964427 -0.032350 -0.024827 0.000000 -0.033123 0.004073 -0.001194 0.000000 -0.002968 
1.192978 0.713366 0.000000 1.961085 -0.031940 -0.024943 0.000000 -0.033416 0.004090 -0.001156 0.000000 -0.002933 
1.189825 0.710861 0.000000 1.957715 -0.031530 -0.025054 0.000000 -0.033706 0.004100 -0.001099 0.000000 -0.002900 
1.186713 0.708345 0.000000 1.954315 -0.031120 -0.025156 0.000000 -0.033993 0.004110 -0.001037 0.000000 -0.002866 
1.183642 0.705820 0.000000 1.950888 -0.030707 -0.025256 0.000000 -0.034276 0.004127 -0.000996 0.000000 -0.002834 
1.180613 0.703284 0.000000 1.947432 -0.030293 -0.025353 0.000000 -0.034556 0.004134 -0.000968 0.000000 -0.002803 
1.177625 0.700740 0.000000 1.943949 -0.029880 -0.025446 0.000000 -0.034833 0.004130 -0.000928 0.000000 -0.002766 
1.174678 0.698186 0.000000 1.940438 -0.029467 -0.025533 0.000000 -0.035105 0.004142 -0.000877 0.000000 -0.002722 
1.171773 0.695625 0.000000 1.936901 -0.029050 -0.025616 0.000000 -0.035373 0.004166 -0.000830 0.000000 -0.002689 
1.168910 0.693055 0.000000 1.933337 -0.028632 -0.025696 0.000000 -0.035641 0.004163 -0.000789 0.000000 -0.002670 
1.166088 0.690478 0.000000 1.929746 -0.028220 -0.025770 0.000000 -0.035906 0.004134 -0.000747 0.000000 -0.002638 
1.163307 0.687894 0.000000 1.926130 -0.027808 -0.025841 0.000000 -0.036164 0.004132 -0.000717 0.000000 -0.002588 
1.160568 0.685303 0.000000 1.922488 -0.027390 -0.025911 0.000000 -0.036418 0.004169 -0.000692 0.000000 -0.002546 
1.157871 0.682705 0.000000 1.918821 -0.026970 -0.025976 0.000000 -0.036671 0.004193 -0.000646 0.000000 -0.002525 
1.155216 0.680102 0.000000 1.915129 -0.026552 -0.026034 0.000000 -0.036921 0.004178 -0.000579 0.000000 -0.002504 
1.152602 0.677493 0.000000 1.911412 -0.026138 -0.026086 0.000000 -0.037168 0.004162 -0.000525 0.000000 -0.002462 
1.150030 0.674880 0.000000 1.907671 -0.025720 -0.026136 0.000000 -0.037409 0.004174 -0.000503 0.000000 -0.002414 
1.147500 0.672261 0.000000 1.903907 -0.025300 -0.026186 0.000000 -0.037646 0.004188 -0.000488 0.000000 -0.002380 
1.145012 0.669638 0.000000 1.900118 -0.024882 -0.026231 0.000000 -0.037883 0.004176 -0.000456 0.000000 -0.002350 
1.142565 0.667011 0.000000 1.896307 -0.024467 -0.026271 0.000000 -0.038113 0.004162 -0.000411 0.000000 -0.002314 
1.140160 0.664380 0.000000 1.892473 -0.024050 -0.026308 0.000000 -0.038341 0.004171 -0.000366 0.000000 -0.002285 
1.137797 0.661746 0.000000 1.888616 -0.023631 -0.026341 0.000000 -0.038568 0.004186 -0.000320 0.000000 -0.002263 
1.135476 0.659109 0.000000 1.884737 -0.023212 -0.026368 0.000000 -0.038791 0.004189 -0.000280 0.000000 -0.002226 
1.133196 0.656470 0.000000 1.880836 -0.022794 -0.026394 0.000000 -0.039008 0.004185 -0.000256 0.000000 -0.002173 
1.130959 0.653828 0.000000 1.876914 -0.022376 -0.026418 0.000000 -0.039221 0.004174 -0.000235 0.000000 -0.002137 
1.128763 0.651184 0.000000 1.872971 -0.021960 -0.026438 0.000000 -0.039433 0.004162 -0.000203 0.000000 -0.002119 
1.126608 0.648539 0.000000 1.869006 -0.021544 -0.026454 0.000000 -0.039643 0.004165 -0.000170 0.000000 -0.002089 
1.124496 0.645892 0.000000 1.865022 -0.021125 -0.026469 0.000000 -0.039846 0.004177 -0.000135 0.000000 -0.002039 
1.122425 0.643244 0.000000 1.861017 -0.020708 -0.026478 0.000000 -0.040046 0.004174 -0.000086 0.000000 -0.001995 
1.120396 0.640596 0.000000 1.856993 -0.020292 -0.026481 0.000000 -0.040243 0.004168 -0.000044 0.000000 -0.001972 
1.118408 0.637948 0.000000 1.852949 -0.019875 -0.026484 0.000000 -0.040439 0.004177 -0.000035 0.000000 -0.001955 
1.116463 0.635299 0.000000 1.848886 -0.019455 -0.026488 0.000000 -0.040631 0.004178 -0.000024 0.000000 -0.001922 
1.114559 0.632650 0.000000 1.844804 -0.019040 -0.026486 0.000000 -0.040818 0.004156 0.000025 0.000000 -0.001871 
1.112696 0.630003 0.000000 1.840704 -0.018627 -0.026476 0.000000 -0.041000 0.004146 0.000077 0.000000 -0.001828 
1.110875 0.627356 0.000000 1.836586 -0.018210 -0.026468 0.000000 -0.041181 0.004161 0.000086 0.000000 -0.001809 
1.109096 0.624710 0.000000 1.832450 -0.017793 -0.026461 0.000000 -0.041361 0.004160 0.000082 0.000000 -0.001791 
1.107358 0.622065 0.000000 1.828296 -0.017380 -0.026449 0.000000 -0.041536 0.004137 0.000117 0.000000 -0.001744 
1.105661 0.619422 0.000000 1.824126 -0.016968 -0.026431 0.000000 -0.041703 0.004137 0.000179 0.000000 -0.001685 
1.104006 0.616781 0.000000 1.819939 -0.016550 -0.026408 0.000000 -0.041868 0.004165 0.000219 0.000000 -0.001654 
1.102393 0.614143 0.000000 1.815736 -0.016132 -0.026386 0.000000 -0.042033 0.004168 0.000228 0.000000 -0.001643 
1.100821 0.611506 0.000000 1.811516 -0.015719 -0.026363 0.000000 -0.042196 0.004131 0.000235 0.000000 -0.001614 
1.099290 0.608873 0.000000 1.807281 -0.015310 -0.026336 0.000000 -0.042351 0.004104 0.000264 0.000000 -0.001567 
1.097800 0.606242 0.000000 1.803031 -0.014898 -0.026306 0.000000 -0.042504 0.004120 0.000303 0.000000 -0.001530 
1.096352 0.603615 0.000000 1.798765 -0.014482 -0.026273 0.000000 -0.042655 0.004148 0.000330 0.000000 -0.001500 
1.094945 0.600991 0.000000 1.794485 -0.014067 -0.026238 0.000000 -0.042801 0.004149 0.000342 0.000000 -0.001467 
1.093580 0.598371 0.000000 1.790191 -0.013655 -0.026203 0.000000 -0.042944 0.004128 0.000353 0.000000 -0.001433 
1.092255 0.595754 0.000000 1.785882 -0.013244 -0.026166 0.000000 -0.043085 0.004113 0.000380 0.000000 -0.001401 
1.090972 0.593142 0.000000 1.781560 -0.012833 -0.026123 0.000000 -0.043221 0.004106 0.000419 0.000000 -0.001366 
1.089730 0.590534 0.000000 1.777225 -0.012423 -0.026078 0.000000 -0.043354 0.004096 0.000447 0.000000 -0.001333 
1.088528 0.587931 0.000000 1.772876 -0.012015 -0.026033 0.000000 -0.043485 0.004096 0.000461 0.000000 -0.001300 
1.087368 0.585332 0.000000 1.768515 -0.011603 -0.025985 0.000000 -0.043611 0.004111 0.000472 0.000000 -0.001266 
1.086249 0.582739 0.000000 1.764142 -0.011190 -0.025936 0.000000 -0.043734 0.004120 0.000486 0.000000 -0.001237 
1.085171 0.580150 0.000000 1.759756 -0.010780 -0.025886 0.000000 -0.043856 0.004111 0.000514 0.000000 -0.001203 
1.084134 0.577567 0.000000 1.755359 -0.010370 -0.025830 0.000000 -0.043971 0.004101 0.000555 0.000000 -0.001152 
1.083138 0.574990 0.000000 1.750951 -0.009960 -0.025771 0.000000 -0.044081 0.004098 0.000585 0.000000 -0.001110 
1.082183 0.572419 0.000000 1.746532 -0.009550 -0.025712 0.000000 -0.044191 0.004091 0.000585 0.000000 -0.001100 
1.081269 0.569853 0.000000 1.742102 -0.009143 -0.025655 0.000000 -0.044301 0.004082 0.000576 0.000000 -0.001093 
1.080395 0.567294 0.000000 1.737661 -0.008735 -0.025596 0.000000 -0.044406 0.004084 0.000593 0.000000 -0.001050 
1.079563 0.564740 0.000000 1.733211 -0.008325 -0.025533 0.000000 -0.044504 0.004086 0.000633 0.000000 -0.000987 
1.078771 0.562194 0.000000 1.728751 -0.007918 -0.025466 0.000000 -0.044598 0.004072 0.000667 0.000000 -0.000942 
1.078020 0.559654 0.000000 1.724282 -0.007513 -0.025398 0.000000 -0.044690 0.004062 0.000678 0.000000 -0.000922 
1.077309 0.557121 0.000000 1.719804 -0.007105 -0.025330 0.000000 -0.044781 0.004075 0.000680 0.000000 -0.000903 
1.076640 0.554595 0.000000 1.715317 -0.006695 -0.025261 0.000000 -0.044868 0.004090 0.000697 0.000000 -0.000874 
1.076011 0.552076 0.000000 1.710822 -0.006287 -0.025188 0.000000 -0.044952 0.004077 0.000724 0.000000 -0.000835 
1.075423 0.549565 0.000000 1.706319 -0.005882 -0.025113 0.000000 -0.045031 0.004054 0.000747 0.000000 -0.000788 
1.074875 0.547061 0.000000 1.701808 -0.005478 -0.025037 0.000000 -0.045105 0.004053 0.000760 0.000000 -0.000743 
1.074368 0.544565 0.000000 1.697291 -0.005070 -0.024960 0.000000 -0.045176 0.004069 0.000766 0.000000 -0.000722 
1.073902 0.542077 0.000000 1.692766 -0.004662 -0.024883 0.000000 -0.045249 0.004072 0.000773 0.000000 -0.000716 
1.073476 0.539596 0.000000 1.688234 -0.004257 -0.024805 0.000000 -0.045318 0.004056 0.000789 0.000000 -0.000683 
1.073091 0.537124 0.000000 1.683696 -0.003853 -0.024723 0.000000 -0.045379 0.004045 0.000809 0.000000 -0.000622 
1.072746 0.534660 0.000000 1.679153 -0.003448 -0.024641 0.000000 -0.045436 0.004055 0.000825 0.000000 -0.000576 
1.072442 0.532204 0.000000 1.674603 -0.003040 -0.024557 0.000000 -0.045492 0.004071 0.000841 0.000000 -0.000555 
1.072179 0.529757 0.000000 1.670049 -0.002633 -0.024471 0.000000 -0.045546 0.004072 0.000861 0.000000 -0.000535 
1.071956 0.527319 0.000000 1.665489 -0.002227 -0.024383 0.000000 -0.045596 0.004059 0.000876 0.000000 -0.000506 
1.071774 0.524889 0.000000 1.660925 -0.001822 -0.024295 0.000000 -0.045643 0.004048 0.000883 0.000000 -0.000469 
1.071632 0.522469 0.000000 1.656356 -0.001418 -0.024206 0.000000 -0.045686 0.004044 0.000892 0.000000 -0.000425 
1.071531 0.520057 0.000000 1.651784 -0.001013 -0.024115 0.000000 -0.045724 0.004045 0.000906 0.000000 -0.000378 
1.071470 0.517655 0.000000 1.647208 -0.000607 -0.024023 0.000000 -0.045758 0.004060 0.000921 0.000000 -0.000344 
1.071450 0.515262 0.000000 1.642629 -0.000199 -0.023930 0.000000 -0.045790 0.004089 0.000932 0.000000 -0.000324 
