0.000000 0.000000 0.000000 0.000000 
2.876553 0.000000 0.000000 0.000000 
5.048826 0.000000 0.000000 0.000000 
5.984970 0.000000 0.000000 0.000000 
5.455785 0.000000 0.000000 0.000000 
3.590833 0.000000 0.000000 0.000000 
0.846720 0.000000 0.000000 0.000000 
-2.104699 0.000000 0.000000 0.000000 
-4.540815 0.000000 0.000000 0.000000 
-5.865181 0.000000 0.000000 0.000000 
-5.753546 0.000000 0.000000 0.000000 
-4.233242 0.000000 0.000000 0.000000 
-1.676493 0.000000 0.000000 0.000000 
1.290720 0.000000 0.000000 0.000000 
3.941920 0.000000 0.000000 0.000000 
5.628000 0.000000 0.000000 0.000000 
5.936149 0.000000 0.000000 0.000000 
4.790923 0.000000 0.000000 0.000000 
2.472711 0.000000 0.000000 0.000000 
-0.450907 0.000000 0.000000 0.000000 
-3.264127 0.000000 0.000000 0.000000 
-5.278175 0.000000 0.000000 0.000000 
-5.999941 0.000000 0.000000 0.000000 
-5.252713 0.000000 0.000000 0.000000 
-3.219438 0.000000 0.000000 0.000000 
-0.397931 0.000000 0.000000 0.000000 
2.521002 0.000000 0.000000 0.000000 
4.822707 0.000000 0.000000 0.000000 
5.943644 0.000000 0.000000 0.000000 
5.609370 0.000000 0.000000 0.000000 
3.901727 0.000000 0.000000 0.000000 
1.238805 0.000000 0.000000 0.000000 
-1.727420 0.000000 0.000000 0.000000 
-4.270712 0.000000 0.000000 0.000000 
-5.768385 0.000000 0.000000 0.000000 
-5.853756 0.000000 0.000000 0.000000 
-4.505923 0.000000 0.000000 0.000000 
-2.054884 0.000000 0.000000 0.000000 
0.899263 0.000000 0.000000 0.000000 
3.633239 0.000000 0.000000 0.000000 
5.477672 0.000000 0.000000 0.000000 
5.980979 0.000000 0.000000 0.000000 
5.019934 0.000000 0.000000 0.000000 
2.829834 0.000000 0.000000 0.000000 
-0.053108 0.000000 0.000000 0.000000 
-2.923047 0.000000 0.000000 0.000000 
-5.077322 0.000000 0.000000 0.000000 
-5.988492 0.000000 0.000000 0.000000 
-5.433470 0.000000 0.000000 0.000000 
-3.548145 0.000000 0.000000 0.000000 
-0.794111 0.000000 0.000000 0.000000 
2.154350 0.000000 0.000000 0.000000 
4.575351 0.000000 0.000000 0.000000 
5.876146 0.000000 0.000000 0.000000 
5.738256 0.000000 0.000000 0.000000 
4.195440 0.000000 0.000000 0.000000 
1.625435 0.000000 0.000000 0.000000 
-1.342534 0.000000 0.000000 0.000000 
-3.981803 0.000000 0.000000 0.000000 
-5.646188 0.000000 0.000000 0.000000 
-5.928190 0.000000 0.000000 0.000000 
-4.758763 0.000000 0.000000 0.000000 
-2.424226 0.000000 0.000000 0.000000 
0.503847 0.000000 0.000000 0.000000 
3.308560 0.000000 0.000000 0.000000 
5.303223 0.000000 0.000000 0.000000 
5.999471 0.000000 0.000000 0.000000 
5.226840 0.000000 0.000000 0.000000 
3.174496 0.000000 0.000000 0.000000 
0.344925 0.000000 0.000000 0.000000 
-2.569096 0.000000 0.000000 0.000000 
-4.854113 0.000000 0.000000 0.000000 
-5.950673 0.000000 0.000000 0.000000 
-5.590301 0.000000 0.000000 0.000000 
-3.861229 0.000000 0.000000 0.000000 
-1.186793 0.000000 0.000000 0.000000 
1.778211 0.000000 0.000000 0.000000 
4.307848 0.000000 0.000000 0.000000 
5.782772 0.000000 0.000000 0.000000 
5.841873 0.000000 0.000000 0.000000 
4.470679 0.000000 0.000000 0.000000 
2.004907 0.000000 0.000000 0.000000 
-0.951736 0.000000 0.000000 0.000000 
-3.675361 0.000000 0.000000 0.000000 
-5.499129 0.000000 0.000000 0.000000 
-5.976519 0.000000 0.000000 0.000000 
-4.990648 0.000000 0.000000 0.000000 
-2.782893 0.000000 0.000000 0.000000 
0.106212 0.000000 0.000000 0.000000 
2.969312 0.000000 0.000000 0.000000 
5.105421 0.000000 0.000000 0.000000 
5.991545 0.000000 0.000000 0.000000 
5.410730 0.000000 0.000000 0.000000 
3.505180 0.000000 0.000000 0.000000 
0.741439 0.000000 0.000000 0.000000 
-2.203832 0.000000 0.000000 0.000000 
-4.609528 0.000000 0.000000 0.000000 
-5.886651 0.000000 0.000000 0.000000 
-5.722516 0.000000 0.000000 0.000000 
-4.157310 0.000000 0.000000 0.000000 
-1.574249 0.000000 0.000000 0.000000 
1.394243 0.000000 0.000000 0.000000 
4.021375 0.000000 0.000000 0.000000 
5.663935 0.000000 0.000000 0.000000 
5.919766 0.000000 0.000000 0.000000 
4.726231 0.000000 0.000000 0.000000 
2.375551 0.000000 0.000000 0.000000 
-0.556747 0.000000 0.000000 0.000000 
-3.352734 0.000000 0.000000 0.000000 
-5.327855 0.000000 0.000000 0.000000 
-5.998531 0.000000 0.000000 0.000000 
-5.200557 0.000000 0.000000 0.000000 
-3.129306 0.000000 0.000000 0.000000 
-0.291891 0.000000 0.000000 0.000000 
2.616989 0.000000 0.000000 0.000000 
4.885138 0.000000 0.000000 0.000000 
5.957236 0.000000 0.000000 0.000000 
5.570794 0.000000 0.000000 0.000000 
3.820428 0.000000 0.000000 0.000000 
1.134688 0.000000 0.000000 0.000000 
-1.828864 0.000000 0.000000 0.000000 
-4.344646 0.000000 0.000000 0.000000 
-5.796707 0.000000 0.000000 0.000000 
-5.829532 0.000000 0.000000 0.000000 
-4.435084 0.000000 0.000000 0.000000 
-1.954773 0.000000 0.000000 0.000000 
1.004134 0.000000 0.000000 0.000000 
3.717195 0.000000 0.000000 0.000000 
5.520156 0.000000 0.000000 0.000000 
5.971591 0.000000 0.000000 0.000000 
4.960972 0.000000 0.000000 0.000000 
2.735734 0.000000 0.000000 0.000000 
-0.159307 0.000000 0.000000 0.000000 
-3.015344 0.000000 0.000000 0.000000 
-5.133120 0.000000 0.000000 0.000000 
-5.994129 0.000000 0.000000 0.000000 
-5.387566 0.000000 0.000000 0.000000 
-3.461939 0.000000 0.000000 0.000000 
-0.688709 0.000000 0.000000 0.000000 
2.253141 0.000000 0.000000 0.000000 
4.643344 0.000000 0.000000 0.000000 
5.896694 0.000000 0.000000 0.000000 
5.706328 0.000000 0.000000 0.000000 
4.118854 0.000000 0.000000 0.000000 
1.522940 0.000000 0.000000 0.000000 
-1.445842 0.000000 0.000000 0.000000 
-4.060632 0.000000 0.000000 0.000000 
-5.681237 0.000000 0.000000 0.000000 
-5.910878 0.000000 0.000000 0.000000 
-4.693329 0.000000 0.000000 0.000000 
-2.326690 0.000000 0.000000 0.000000 
0.609604 0.000000 0.000000 0.000000 
3.396646 0.000000 0.000000 0.000000 
5.352070 0.000000 0.000000 0.000000 
5.997121 0.000000 0.000000 0.000000 
5.173867 0.000000 0.000000 0.000000 
3.083871 0.000000 0.000000 0.000000 
0.238835 0.000000 0.000000 0.000000 
-2.664676 0.000000 0.000000 0.000000 
-4.915781 0.000000 0.000000 0.000000 
-5.963332 0.000000 0.000000 0.000000 
-5.550851 0.000000 0.000000 0.000000 
-3.779328 0.000000 0.000000 0.000000 
-1.082494 0.000000 0.000000 0.000000 
1.879373 0.000000 0.000000 0.000000 
4.381103 0.000000 0.000000 0.000000 
5.810187 0.000000 0.000000 0.000000 
5.816734 0.000000 0.000000 0.000000 
4.399142 0.000000 0.000000 0.000000 
1.904486 0.000000 0.000000 0.000000 
-1.056454 0.000000 0.000000 0.000000 
-3.758737 0.000000 0.000000 0.000000 
-5.540751 0.000000 0.000000 0.000000 
-5.966195 0.000000 0.000000 0.000000 
-4.930907 0.000000 0.000000 0.000000 
-2.688361 0.000000 0.000000 0.000000 
0.212390 0.000000 0.000000 0.000000 
3.061140 0.000000 0.000000 0.000000 
5.160416 0.000000 0.000000 0.000000 
5.996243 0.000000 0.000000 0.000000 
5.363980 0.000000 0.000000 0.000000 
3.418428 0.000000 0.000000 0.000000 
0.635925 0.000000 0.000000 0.000000 
-2.302274 0.000000 0.000000 0.000000 
-4.676796 0.000000 0.000000 0.000000 
-5.906276 0.000000 0.000000 0.000000 
-5.689693 0.000000 0.000000 0.000000 
-4.080075 0.000000 0.000000 0.000000 
-1.471512 0.000000 0.000000 0.000000 
1.497328 0.000000 0.000000 0.000000 
4.099570 0.000000 0.000000 0.000000 
5.698095 0.000000 0.000000 0.000000 
5.901526 0.000000 0.000000 0.000000 
4.660059 0.000000 0.000000 0.000000 
2.277646 0.000000 0.000000 0.000000 
-0.662413 0.000000 0.000000 0.000000 
-3.440291 0.000000 0.000000 0.000000 
-5.375866 0.000000 0.000000 0.000000 
-5.995241 0.000000 0.000000 0.000000 
-5.146772 0.000000 0.000000 0.000000 
-3.038194 0.000000 0.000000 0.000000 
-0.185760 0.000000 0.000000 0.000000 
2.712155 0.000000 0.000000 0.000000 
4.946039 0.000000 0.000000 0.000000 
5.968961 0.000000 0.000000 0.000000 
5.530473 0.000000 0.000000 0.000000 
3.737932 0.000000 0.000000 0.000000 
1.030215 0.000000 0.000000 0.000000 
-1.929734 0.000000 0.000000 0.000000 
-4.417218 0.000000 0.000000 0.000000 
-5.823212 0.000000 0.000000 0.000000 
-5.803481 0.000000 0.000000 0.000000 
-4.362855 0.000000 0.000000 0.000000 
-1.854050 0.000000 0.000000 0.000000 
1.108690 0.000000 0.000000 0.000000 
3.799985 0.000000 0.000000 0.000000 
5.560911 0.000000 0.000000 0.000000 
5.960332 0.000000 0.000000 0.000000 
4.900456 0.000000 0.000000 0.000000 
2.640777 0.000000 0.000000 0.000000 
-0.265456 0.000000 0.000000 0.000000 
-3.106696 0.000000 0.000000 0.000000 
-5.187309 0.000000 0.000000 0.000000 
-5.997887 0.000000 0.000000 0.000000 
-5.339974 0.000000 0.000000 0.000000 
-3.374648 0.000000 0.000000 0.000000 
-0.583091 0.000000 0.000000 0.000000 
2.351227 0.000000 0.000000 0.000000 
4.709882 0.000000 0.000000 0.000000 
5.915395 0.000000 0.000000 0.000000 
5.672612 0.000000 0.000000 0.000000 
4.040976 0.000000 0.000000 0.000000 
1.419968 0.000000 0.000000 0.000000 
-1.548697 0.000000 0.000000 0.000000 
-4.138188 0.000000 0.000000 0.000000 
-5.714505 0.000000 0.000000 0.000000 
-5.891713 0.000000 0.000000 0.000000 
-4.626424 0.000000 0.000000 0.000000 
-2.228425 0.000000 0.000000 0.000000 
0.715171 0.000000 0.000000 0.000000 
3.483667 0.000000 0.000000 0.000000 
5.399240 0.000000 0.000000 0.000000 
5.992891 0.000000 0.000000 0.000000 
5.119273 0.000000 0.000000 0.000000 
2.992279 0.000000 0.000000 0.000000 
0.132670 0.000000 0.000000 0.000000 
-2.759421 0.000000 0.000000 0.000000 
-4.975910 0.000000 0.000000 0.000000 
-5.974122 0.000000 0.000000 0.000000 
-5.509661 0.000000 0.000000 0.000000 
-3.696243 0.000000 0.000000 0.000000 
-0.977855 0.000000 0.000000 0.000000 
1.979945 0.000000 0.000000 0.000000 
4.452986 0.000000 0.000000 0.000000 
5.835780 0.000000 0.000000 0.000000 
5.789772 0.000000 0.000000 0.000000 
4.326226 0.000000 0.000000 0.000000 
1.803469 0.000000 0.000000 0.000000 
-1.160840 0.000000 0.000000 0.000000 
-3.840936 0.000000 0.000000 0.000000 
-5.580636 0.000000 0.000000 0.000000 
-5.954002 0.000000 0.000000 0.000000 
-4.869620 0.000000 0.000000 0.000000 
-2.592986 0.000000 0.000000 0.000000 
0.318502 0.000000 0.000000 0.000000 
3.152009 0.000000 0.000000 0.000000 
5.213795 0.000000 0.000000 0.000000 
5.999061 0.000000 0.000000 0.000000 
5.315549 0.000000 0.000000 0.000000 
3.330605 0.000000 0.000000 0.000000 
0.530212 0.000000 0.000000 0.000000 
-2.399995 0.000000 0.000000 0.000000 
-4.742599 0.000000 0.000000 0.000000 
-5.924050 0.000000 0.000000 0.000000 
-5.655087 0.000000 0.000000 0.000000 
-4.001561 0.000000 0.000000 0.000000 
-1.368314 0.000000 0.000000 0.000000 
1.599945 0.000000 0.000000 0.000000 
4.176481 0.000000 0.000000 0.000000 
5.730469 0.000000 0.000000 0.000000 
5.881438 0.000000 0.000000 0.000000 
4.592426 0.000000 0.000000 0.000000 
2.179028 0.000000 0.000000 0.000000 
-0.767872 0.000000 0.000000 0.000000 
-3.526770 0.000000 0.000000 0.000000 
-5.422192 0.000000 0.000000 0.000000 
-5.990072 0.000000 0.000000 0.000000 
-5.091374 0.000000 0.000000 0.000000 
-2.946130 0.000000 0.000000 0.000000 
-0.079570 0.000000 0.000000 0.000000 
2.806471 0.000000 0.000000 0.000000 
5.005390 0.000000 0.000000 0.000000 
5.978815 0.000000 0.000000 0.000000 
5.488418 0.000000 0.000000 0.000000 
3.654264 0.000000 0.000000 0.000000 
0.925419 0.000000 0.000000 0.000000 
-2.030000 0.000000 0.000000 0.000000 
-4.488405 0.000000 0.000000 0.000000 
-5.847892 0.000000 0.000000 0.000000 
-5.775611 0.000000 0.000000 0.000000 
-4.289259 0.000000 0.000000 0.000000 
-1.752746 0.000000 0.000000 0.000000 
1.212899 0.000000 0.000000 0.000000 
3.881585 0.000000 0.000000 0.000000 
5.599923 0.000000 0.000000 0.000000 
5.947205 0.000000 0.000000 0.000000 
4.838403 0.000000 0.000000 0.000000 
2.544992 0.000000 0.000000 0.000000 
-0.371522 0.000000 0.000000 0.000000 
-3.197075 0.000000 0.000000 0.000000 
-5.239872 0.000000 0.000000 0.000000 
-5.999766 0.000000 0.000000 0.000000 
-5.290708 0.000000 0.000000 0.000000 
-3.286300 0.000000 0.000000 0.000000 
-0.477291 0.000000 0.000000 0.000000 
2.448575 0.000000 0.000000 0.000000 
4.774945 0.000000 0.000000 0.000000 
5.932241 0.000000 0.000000 0.000000 
5.637118 0.000000 0.000000 0.000000 
3.961832 0.000000 0.000000 0.000000 
1.316552 0.000000 0.000000 0.000000 
-1.651067 0.000000 0.000000 0.000000 
-4.214447 0.000000 0.000000 0.000000 
-5.745983 0.000000 0.000000 0.000000 
-5.870702 0.000000 0.000000 0.000000 
-4.558069 0.000000 0.000000 0.000000 
-2.129461 0.000000 0.000000 0.000000 
0.820513 0.000000 0.000000 0.000000 
3.569597 0.000000 0.000000 0.000000 
5.444719 0.000000 0.000000 0.000000 
5.986784 0.000000 0.000000 0.000000 
5.063075 0.000000 0.000000 0.000000 
2.899749 0.000000 0.000000 0.000000 
0.026464 0.000000 0.000000 0.000000 
-2.853301 0.000000 0.000000 0.000000 
-5.034478 0.000000 0.000000 0.000000 
-5.983040 0.000000 0.000000 0.000000 
-5.466744 0.000000 0.000000 0.000000 
-3.611999 0.000000 0.000000 0.000000 
-0.872911 0.000000 0.000000 0.000000 
2.079897 0.000000 0.000000 0.000000 
4.523473 0.000000 0.000000 0.000000 
5.859545 0.000000 0.000000 0.000000 
5.760996 0.000000 0.000000 0.000000 
4.251955 0.000000 0.000000 0.000000 
1.701886 0.000000 0.000000 0.000000 
-1.264863 0.000000 0.000000 0.000000 
-3.921930 0.000000 0.000000 0.000000 
-5.618772 0.000000 0.000000 0.000000 
-5.939942 0.000000 0.000000 0.000000 
-4.806808 0.000000 0.000000 0.000000 
-2.496799 0.000000 0.000000 0.000000 
0.424513 0.000000 0.000000 0.000000 
3.241890 0.000000 0.000000 0.000000 
5.265539 0.000000 0.000000 0.000000 
6.000000 0.000000 0.000000 0.000000 
5.265452 0.000000 0.000000 0.000000 
3.241738 0.000000 0.000000 0.000000 
0.424333 0.000000 0.000000 0.000000 
-2.496963 0.000000 0.000000 0.000000 
-4.806916 0.000000 0.000000 0.000000 
-5.939968 0.000000 0.000000 0.000000 
-5.618708 0.000000 0.000000 0.000000 
-3.921793 0.000000 0.000000 0.000000 
-1.264686 0.000000 0.000000 0.000000 
1.702060 0.000000 0.000000 0.000000 
4.252082 0.000000 0.000000 0.000000 
5.761047 0.000000 0.000000 0.000000 
5.859506 0.000000 0.000000 0.000000 
4.523354 0.000000 0.000000 0.000000 
2.079727 0.000000 0.000000 0.000000 
-0.873090 0.000000 0.000000 0.000000 
-3.612144 0.000000 0.000000 0.000000 
-5.466819 0.000000 0.000000 0.000000 
-5.983026 0.000000 0.000000 0.000000 
-5.034380 0.000000 0.000000 0.000000 
-2.853142 0.000000 0.000000 0.000000 
0.026645 0.000000 0.000000 0.000000 
2.899908 0.000000 0.000000 0.000000 
5.063172 0.000000 0.000000 0.000000 
5.986796 0.000000 0.000000 0.000000 
5.444643 0.000000 0.000000 0.000000 
3.569451 0.000000 0.000000 0.000000 
0.820334 0.000000 0.000000 0.000000 
-2.129630 0.000000 0.000000 0.000000 
-4.558186 0.000000 0.000000 0.000000 
-5.870739 0.000000 0.000000 0.000000 
-5.745931 0.000000 0.000000 0.000000 
-4.214318 0.000000 0.000000 0.000000 
-1.650893 0.000000 0.000000 0.000000 
1.316728 0.000000 0.000000 0.000000 
3.961968 0.000000 0.000000 0.000000 
5.637180 0.000000 0.000000 0.000000 
5.932214 0.000000 0.000000 0.000000 
4.774835 0.000000 0.000000 0.000000 
2.448410 0.000000 0.000000 0.000000 
-0.477472 0.000000 0.000000 0.000000 
-3.286451 0.000000 0.000000 0.000000 
-5.290793 0.000000 0.000000 0.000000 
-5.999764 0.000000 0.000000 0.000000 
-5.239784 0.000000 0.000000 0.000000 
-3.196922 0.000000 0.000000 0.000000 
-0.371342 0.000000 0.000000 0.000000 
2.545156 0.000000 0.000000 0.000000 
4.838510 0.000000 0.000000 0.000000 
5.947229 0.000000 0.000000 0.000000 
5.599858 0.000000 0.000000 0.000000 
3.881447 0.000000 0.000000 0.000000 
1.212722 0.000000 0.000000 0.000000 
-1.752919 0.000000 0.000000 0.000000 
-4.289385 0.000000 0.000000 0.000000 
-5.775660 0.000000 0.000000 0.000000 
-5.847851 0.000000 0.000000 0.000000 
-4.488285 0.000000 0.000000 0.000000 
-2.029830 0.000000 0.000000 0.000000 
0.925598 0.000000 0.000000 0.000000 
3.654408 0.000000 0.000000 0.000000 
5.488491 0.000000 0.000000 0.000000 
5.978800 0.000000 0.000000 0.000000 
5.005290 0.000000 0.000000 0.000000 
2.806311 0.000000 0.000000 0.000000 
-0.079751 0.000000 0.000000 0.000000 
-2.946287 0.000000 0.000000 0.000000 
-5.091469 0.000000 0.000000 0.000000 
-5.990083 0.000000 0.000000 0.000000 
-5.422115 0.000000 0.000000 0.000000 
-3.526624 0.000000 0.000000 0.000000 
-0.767692 0.000000 0.000000 0.000000 
2.179197 0.000000 0.000000 0.000000 
4.592543 0.000000 0.000000 0.000000 
5.881474 0.000000 0.000000 0.000000 
5.730415 0.000000 0.000000 0.000000 
4.176351 0.000000 0.000000 0.000000 
1.599770 0.000000 0.000000 0.000000 
-1.368490 0.000000 0.000000 0.000000 
-4.001696 0.000000 0.000000 0.000000 
-5.655147 0.000000 0.000000 0.000000 
-5.924021 0.000000 0.000000 0.000000 
-4.742488 0.000000 0.000000 0.000000 
-2.399829 0.000000 0.000000 0.000000 
0.530392 0.000000 0.000000 0.000000 
3.330755 0.000000 0.000000 0.000000 
5.315633 0.000000 0.000000 0.000000 
5.999058 0.000000 0.000000 0.000000 
5.213705 0.000000 0.000000 0.000000 
3.151855 0.000000 0.000000 0.000000 
0.318321 0.000000 0.000000 0.000000 
-2.593149 0.000000 0.000000 0.000000 
-4.869726 0.000000 0.000000 0.000000 
-5.954024 0.000000 0.000000 0.000000 
-5.580569 0.000000 0.000000 0.000000 
-3.840797 0.000000 0.000000 0.000000 
-1.160663 0.000000 0.000000 0.000000 
1.803642 0.000000 0.000000 0.000000 
4.326352 0.000000 0.000000 0.000000 
5.789820 0.000000 0.000000 0.000000 
5.835738 0.000000 0.000000 0.000000 
4.452865 0.000000 0.000000 0.000000 
1.979774 0.000000 0.000000 0.000000 
-0.978034 0.000000 0.000000 0.000000 
-3.696385 0.000000 0.000000 0.000000 
-5.509733 0.000000 0.000000 0.000000 
-5.974105 0.000000 0.000000 0.000000 
-4.975808 0.000000 0.000000 0.000000 
-2.759260 0.000000 0.000000 0.000000 
0.132851 0.000000 0.000000 0.000000 
2.992436 0.000000 0.000000 0.000000 
5.119368 0.000000 0.000000 0.000000 
5.992900 0.000000 0.000000 0.000000 
5.399162 0.000000 0.000000 0.000000 
3.483520 0.000000 0.000000 0.000000 
0.714991 0.000000 0.000000 0.000000 
-2.228593 0.000000 0.000000 0.000000 
-4.626539 0.000000 0.000000 0.000000 
-5.891747 0.000000 0.000000 0.000000 
-5.714450 0.000000 0.000000 0.000000 
-4.138057 0.000000 0.000000 0.000000 
-1.548522 0.000000 0.000000 0.000000 
1.420144 0.000000 0.000000 0.000000 
4.041110 0.000000 0.000000 0.000000 
5.672671 0.000000 0.000000 0.000000 
5.915364 0.000000 0.000000 0.000000 
4.709770 0.000000 0.000000 0.000000 
2.351060 0.000000 0.000000 0.000000 
-0.583271 0.000000 0.000000 0.000000 
-3.374798 0.000000 0.000000 0.000000 
-5.340056 0.000000 0.000000 0.000000 
-5.997882 0.000000 0.000000 0.000000 
-5.187218 0.000000 0.000000 0.000000 
-3.106541 0.000000 0.000000 0.000000 
-0.265275 0.000000 0.000000 0.000000 
2.640939 0.000000 0.000000 0.000000 
4.900560 0.000000 0.000000 0.000000 
5.960353 0.000000 0.000000 0.000000 
5.560843 0.000000 0.000000 0.000000 
3.799845 0.000000 0.000000 0.000000 
1.108513 0.000000 0.000000 0.000000 
-1.854222 0.000000 0.000000 0.000000 
-4.362979 0.000000 0.000000 0.000000 
-5.803526 0.000000 0.000000 0.000000 
-5.823168 0.000000 0.000000 0.000000 
-4.417095 0.000000 0.000000 0.000000 
-1.929563 0.000000 0.000000 0.000000 
1.030393 0.000000 0.000000 0.000000 
3.738073 0.000000 0.000000 0.000000 
5.530543 0.000000 0.000000 0.000000 
5.968942 0.000000 0.000000 0.000000 
4.945937 0.000000 0.000000 0.000000 
2.711993 0.000000 0.000000 0.000000 
-0.185941 0.000000 0.000000 0.000000 
-3.038350 0.000000 0.000000 0.000000 
-5.146865 0.000000 0.000000 0.000000 
-5.995248 0.000000 0.000000 0.000000 
-5.375786 0.000000 0.000000 0.000000 
-3.440143 0.000000 0.000000 0.000000 
-0.662234 0.000000 0.000000 0.000000 
2.277814 0.000000 0.000000 0.000000 
4.660173 0.000000 0.000000 0.000000 
5.901559 0.000000 0.000000 0.000000 
5.698038 0.000000 0.000000 0.000000 
4.099438 0.000000 0.000000 0.000000 
1.497153 0.000000 0.000000 0.000000 
-1.471687 0.000000 0.000000 0.000000 
-4.080207 0.000000 0.000000 0.000000 
-5.689750 0.000000 0.000000 0.000000 
-5.906244 0.000000 0.000000 0.000000 
-4.676683 0.000000 0.000000 0.000000 
-2.302107 0.000000 0.000000 0.000000 
0.636105 0.000000 0.000000 0.000000 
3.418576 0.000000 0.000000 0.000000 
5.364061 0.000000 0.000000 0.000000 
5.996237 0.000000 0.000000 0.000000 
5.160324 0.000000 0.000000 0.000000 
3.060984 0.000000 0.000000 0.000000 
0.212209 0.000000 0.000000 0.000000 
-2.688523 0.000000 0.000000 0.000000 
-4.931010 0.000000 0.000000 0.000000 
-5.966214 0.000000 0.000000 0.000000 
-5.540681 0.000000 0.000000 0.000000 
-3.758596 0.000000 0.000000 0.000000 
-1.056276 0.000000 0.000000 0.000000 
1.904658 0.000000 0.000000 0.000000 
4.399265 0.000000 0.000000 0.000000 
5.816778 0.000000 0.000000 0.000000 
5.810142 0.000000 0.000000 0.000000 
4.380980 0.000000 0.000000 0.000000 
1.879201 0.000000 0.000000 0.000000 
-1.082672 0.000000 0.000000 0.000000 
-3.779468 0.000000 0.000000 0.000000 
-5.550920 0.000000 0.000000 0.000000 
-5.963312 0.000000 0.000000 0.000000 
-4.915678 0.000000 0.000000 0.000000 
-2.664514 0.000000 0.000000 0.000000 
0.239016 0.000000 0.000000 0.000000 
3.084026 0.000000 0.000000 0.000000 
5.173959 0.000000 0.000000 0.000000 
5.997127 0.000000 0.000000 0.000000 
5.351988 0.000000 0.000000 0.000000 
3.396497 0.000000 0.000000 0.000000 
0.609424 0.000000 0.000000 0.000000 
-2.326857 0.000000 0.000000 0.000000 
-4.693442 0.000000 0.000000 0.000000 
-5.910909 0.000000 0.000000 0.000000 
-5.681179 0.000000 0.000000 0.000000 
-4.060499 0.000000 0.000000 0.000000 
-1.445667 0.000000 0.000000 0.000000 
1.523115 0.000000 0.000000 0.000000 
4.118985 0.000000 0.000000 0.000000 
5.706384 0.000000 0.000000 0.000000 
5.896661 0.000000 0.000000 0.000000 
4.643230 0.000000 0.000000 0.000000 
2.252974 0.000000 0.000000 0.000000 
-0.688889 0.000000 0.000000 0.000000 
-3.462087 0.000000 0.000000 0.000000 
-5.387646 0.000000 0.000000 0.000000 
-5.994121 0.000000 0.000000 0.000000 
-5.133026 0.000000 0.000000 0.000000 
-3.015188 0.000000 0.000000 0.000000 
-0.159126 0.000000 0.000000 0.000000 
2.735895 0.000000 0.000000 0.000000 
4.961074 0.000000 0.000000 0.000000 
5.971609 0.000000 0.000000 0.000000 
5.520085 0.000000 0.000000 0.000000 
3.717053 0.000000 0.000000 0.000000 
1.003956 0.000000 0.000000 0.000000 
-1.954944 0.000000 0.000000 0.000000 
-4.435206 0.000000 0.000000 0.000000 
-5.829575 0.000000 0.000000 0.000000 
-5.796660 0.000000 0.000000 0.000000 
-4.344521 0.000000 0.000000 0.000000 
-1.828691 0.000000 0.000000 0.000000 
1.134865 0.000000 0.000000 0.000000 
3.820568 0.000000 0.000000 0.000000 
5.570862 0.000000 0.000000 0.000000 
5.957214 0.000000 0.000000 0.000000 
4.885033 0.000000 0.000000 0.000000 
2.616826 0.000000 0.000000 0.000000 
-0.292072 0.000000 0.000000 0.000000 
-3.129460 0.000000 0.000000 0.000000 
-5.200648 0.000000 0.000000 0.000000 
-5.998535 0.000000 0.000000 0.000000 
-5.327772 0.000000 0.000000 0.000000 
-3.352584 0.000000 0.000000 0.000000 
-0.556567 0.000000 0.000000 0.000000 
2.375717 0.000000 0.000000 0.000000 
4.726343 0.000000 0.000000 0.000000 
5.919795 0.000000 0.000000 0.000000 
5.663875 0.000000 0.000000 0.000000 
4.021241 0.000000 0.000000 0.000000 
1.394067 0.000000 0.000000 0.000000 
-1.574424 0.000000 0.000000 0.000000 
-4.157440 0.000000 0.000000 0.000000 
-5.722570 0.000000 0.000000 0.000000 
-5.886616 0.000000 0.000000 0.000000 
-4.609412 0.000000 0.000000 0.000000 
-2.203664 0.000000 0.000000 0.000000 
0.741618 0.000000 0.000000 0.000000 
3.505326 0.000000 0.000000 0.000000 
5.410808 0.000000 0.000000 0.000000 
5.991536 0.000000 0.000000 0.000000 
5.105326 0.000000 0.000000 0.000000 
2.969155 0.000000 0.000000 0.000000 
0.106031 0.000000 0.000000 0.000000 
-2.783053 0.000000 0.000000 0.000000 
-4.990749 0.000000 0.000000 0.000000 
-5.976535 0.000000 0.000000 0.000000 
-5.499057 0.000000 0.000000 0.000000 
-3.675218 0.000000 0.000000 0.000000 
-0.951557 0.000000 0.000000 0.000000 
